 -0.00288066891587293  0.01498398565570437  0.02883538960189337  0.04235551092607193
  0.05449266239930042  0.06685211419577973  0.07873494433407481  0.09003771062184533
  0.10063300682585948  0.11099595332900636  0.12099366214855299  0.13104859771136582
  0.14157374427576380  0.15289975525546357  0.16457484526512295  0.17545195955238671
  0.18631225892170006  0.19669595116645688  0.20668561575435523  0.21647438941164307
  0.22646802112816045  0.23741916617474587  0.24917018724214263  0.26162912122129123
  0.27391000195911025  0.28546463626066970  0.29646193972683244  0.30732201253881591
  0.31793033251943353  0.32824748510568402  0.33813457669657887  0.34802699805111503
  0.35829122028889904  0.36888494418986978  0.37926712189033779  0.38919250353316820
  0.39932922183728842  0.40983577595549869  0.42085757044588945  0.43182317830375355
  0.44266314665510259  0.45334892966418616  0.46415805281082201  0.47550511624303082
  0.48704309245628391  0.49797331263559258  0.50867473665686813  0.51921874223778952
  0.52981797769895034  0.53970391548470198  0.54913590869523410  0.55844979763808511
  0.56856533951970156  0.57921898828751583  0.58991302073930907  0.60036220517946193
  0.61087703555089856  0.62154333302286113  0.63230782672729280  0.64300192682238111
  0.65386772759980849  0.66469482628895860  0.67543620173103180  0.68628947565754717
  0.69714775043803967  0.70763982749488519  0.71782074131258888  0.72780875744576057
  0.73871359378654144  0.74945204857612968  0.75993800553145174  0.76964420251655352
  0.77888173773428870  0.78815113754994459  0.79794344662916694  0.80847404976911419
  0.81901007850916674  0.82948524923647216  0.83996115911003444  0.85072953541468754
  0.86143508499312305  0.87195567076128644  0.88228203257096471  0.89250741325707617
  0.90235439929859540  0.91234213513821483  0.92293769035345385  0.93407104369772964
  0.94495978930123370  0.95481101877833163  0.96370402902761343  0.97199087389988992
  0.97996938358312691  0.98745793918681624  0.99390243410783108  1.00000000000000000
  0.00000244650837319  0.00000253211805407  0.00000260015191941  0.00000267163373946
  0.00000274373368313  0.00000281397830915  0.00000288923812554  0.00000296577931404
  0.00000305075333867  0.00000313482089516  0.00000322572530660  0.00000332190269497
  0.00000341983856397  0.00000352040464193  0.00000361986890743  0.00000372123893851
  0.00000383154433715  0.00000394854141352  0.00000406865949143  0.00000418851924614
  0.00000431091015970  0.00000444063984067  0.00000457503121278  0.00000471193956850
  0.00000485479413603  0.00000500178816206  0.00000515487341461  0.00000531617209063
  0.00000548465549935  0.00000565857333838  0.00000584191718156  0.00000603385760612
  0.00000623247585792  0.00000642768982424  0.00000662484041312  0.00000683604340066
  0.00000706190711778  0.00000729378830324  0.00000753026546067  0.00000777643615567
  0.00000804219172570  0.00000832838393723  0.00000862220397551  0.00000891859305092
  0.00000923309446308  0.00000957425867333  0.00000993433436596  0.00001028733022559
  0.00001066370306064  0.00001108402160500  0.00001153051788526  0.00001199963146938
  0.00001250888609245  0.00001306393640635  0.00001364435614934  0.00001425444452180
  0.00001496166156361  0.00001571930069310  0.00001653436775382  0.00001743766539800
  0.00001843534225229  0.00001947711413251  0.00002064354661236  0.00002183947879561
  0.00002318946757423  0.00002469651483019  0.00002636652545969  0.00002827213531929
  0.00003035858983482  0.00003284520333643  0.00003554084537413  0.00003850179424982
  0.00004172696520647  0.00004546922980879  0.00004997359696440  0.00005530369538681
  0.00006182631199051  0.00006930471124870  0.00007715678469480  0.00008521359517093
  0.00009532738770344  0.00010845051908064  0.00012651295594471  0.00014811067031978
  0.00017521079137640  0.00020806458828925  0.00025432959132563  0.00031712547919414
  0.00040426515580497  0.00053168919217328  0.00072161223154137  0.00105676668506359
  0.00167184274591613  0.00272894517502754  0.10467261316089341  1.00000000000000000
  0.00000369658535289  0.00000445918529659  0.00000535884366680  0.00000629081724761
  0.00000710570795878  0.00000793460751439  0.00000884775970599  0.00000987846227298
  0.00001098835951420  0.00001214365910065  0.00001335294018567  0.00001470526220260
  0.00001620705258706  0.00001794064922717  0.00001975685301211  0.00002160079358565
  0.00002354553118956  0.00002565102952277  0.00002793240410749  0.00003035665953725
  0.00003303092112316  0.00003611300515793  0.00003958172518244  0.00004332387571148
  0.00004718486536579  0.00005153563643377  0.00005621449290253  0.00006134008384554
  0.00006690646525431  0.00007307062625667  0.00007974711011225  0.00008662386771607
  0.00009425675458177  0.00010231893866656  0.00011096744654169  0.00011985476270816
  0.00013008150197143  0.00014030385932904  0.00015146015503336  0.00016328111204372
  0.00017651028186749  0.00019063426207736  0.00020547966420504  0.00022123553609003
  0.00023800109771663  0.00025540966630921  0.00027286534930341  0.00029016640742142
  0.00030866789535876  0.00032839028572862  0.00034903899607112  0.00037077354654512
  0.00039316724456278  0.00041682038022594  0.00044113783318922  0.00046633825619957
  0.00049309492516468  0.00052270399132144  0.00055541756341349  0.00058901779849427
  0.00062386722471881  0.00066167139247961  0.00070139455326129  0.00074510546309915
  0.00078793689269636  0.00083118872711927  0.00088003310501782  0.00093605664501420
  0.00100148081686750  0.00107614464021720  0.00114831128632965  0.00122074442653555
  0.00129731279511302  0.00138072709802025  0.00144952483764884  0.00151152623159407
  0.00157733872310215  0.00165659753728574  0.00176747097280736  0.00190086785243651
  0.00206632130952774  0.00222207576787142  0.00236144286683969  0.00249128534652581
  0.00260704437801386  0.00270284375062972  0.00280043636450200  0.00291247742549183
  0.00334093184280877  0.00380404420331255  0.00429846506546813  0.00470901629342909
  0.00513584298556919  0.00559059140234868  0.01150948683653435  1.00000000000000000
 -0.00224270761156451  0.00966100950595757  0.01979292378489151  0.02956184754606090
  0.03947649820774952  0.04937997967981723  0.05948172344356772  0.06954657451073748
  0.07998527976718788  0.09117899063137526  0.10304770695456855  0.11532236017804451
  0.12773467056518828  0.14006465350687594  0.15197175546882868  0.16352838027947550
  0.17486673821400367  0.18591795998710123  0.19720480517435052  0.20862016759943391
  0.22019283035613502  0.23256189559407695  0.24530598777912058  0.25785827287597896
  0.26949041146568714  0.28194210084664878  0.29465677093598230  0.30755624834864209
  0.32030660249403714  0.33271342666233839  0.34441176581694333  0.35569157724020373
  0.36735265195526767  0.37900637753776234  0.39104012816788647  0.40268785014508329
  0.41373782560838862  0.42406635517169322  0.43438729514821223  0.44461503674198843
  0.45603265296872353  0.46812654500724177  0.48018385555985521  0.49143510763358306
  0.50249415501765027  0.51382937962169350  0.52572110969271602  0.53761055427253512
  0.54906508022273282  0.56038484109156550  0.57143736752845209  0.58236218524923566
  0.59337258357595180  0.60417292436615311  0.61484587056354134  0.62543373485319376
  0.63586117473523540  0.64663942893752890  0.65704078196893811  0.66726841184028096
  0.67686065198648560  0.68637986078664803  0.69607244265344204  0.70606298798001588
  0.71567782581116979  0.72499844421112769  0.73441019649016615  0.74392109834050513
  0.75355062834155517  0.76353000976286134  0.77365764276938254  0.78377554181557652
  0.79398470185088876  0.80444197438344900  0.81479242328331514  0.82454783755085248
  0.83400912976411223  0.84340750722626989  0.85266497737300384  0.86180140326043420
  0.87088218144057505  0.88000192233411256  0.88906934668438620  0.89811759604701558
  0.90751608063207490  0.91719525296033200  0.92674177023539939  0.93558936224188305
  0.94401521342101835  0.95225898216369043  0.96028887219165271  0.96823508911242917
  0.97600980866348386  0.98395849697092630  0.99191141328876453  1.00000000000000000
 -0.00214384657043957  0.00957904326494852  0.01931824847028298  0.02904154649656526
  0.03844485068926472  0.04825422379090745  0.05878281033645686  0.06972647747208645
  0.08083712832792882  0.09140646977256089  0.10241670795267226  0.11341663750603323
  0.12542003151251579  0.13643186030974269  0.14667154749451319  0.15625653624249772
  0.16601736690683161  0.17634174331578797  0.18777614712346100  0.19957021350478166
  0.21102260047308402  0.22117512024625366  0.23148602245553798  0.24197612354424258
  0.25314345456018700  0.26433334092993782  0.27563014214658216  0.28684873364056540
  0.29768684343872553  0.30836567122629766  0.31916777400095420  0.33039806415525047
  0.34063833747396943  0.35047721799368931  0.36021657326752393  0.37008715386404073
  0.37996850553302769  0.38960546043412303  0.39940928764965072  0.40975832146763003
  0.42010503844566605  0.43040030368386240  0.44077821838192133  0.45091727862430192
  0.46066790050313045  0.47033570783770845  0.48055106588921792  0.49100340699097644
  0.50141869649503767  0.51216160958211265  0.52281703136167645  0.53341296415435613
  0.54394421145579797  0.55507115333583179  0.56572804990377412  0.57600249833312500
  0.58657020986922170  0.59758678491159190  0.60880114096982219  0.62012315935286988
  0.63153263952466154  0.64314739294163148  0.65443599861190216  0.66552269350435156
  0.67619394170721858  0.68664637551006125  0.69702362986458233  0.70707201036108369
  0.71695167774985125  0.72730866137768646  0.73818402752398016  0.74837816113765432
  0.75878735568313638  0.76893118984398146  0.77940543917652816  0.78933548327760517
  0.79935994530066612  0.80927166934263239  0.81981523922675326  0.83058704721514220
  0.84137403049607140  0.85218011390116932  0.86248120517724869  0.87269912700272889
  0.88293626315560469  0.89347337951534056  0.90417661777797287  0.91500115725351516
  0.92587131690932312  0.93667477818632716  0.94753393618575155  0.95870051137104362
  0.96923545319414228  0.97963320605333315  0.98948016254651616  1.00000000000000000
 -0.00122444746127253  0.00672300447070750  0.01424727993868839  0.02150917871740761
  0.02886945152626901  0.03660140364888161  0.04457566156852195  0.05249256611536496
  0.06018479393080353  0.06768346805543768  0.07532384833908590  0.08315809616233956
  0.09105941675986844  0.09873719715193713  0.10622695586799481  0.11384162269150629
  0.12185116267562371  0.13022321893292010  0.13861229697490221  0.14747860679951807
  0.15720163919157432  0.16737840443310420  0.17761438916371375  0.18753355646108485
  0.19724211029612237  0.20690098821607100  0.21634433873052292  0.22587609015066731
  0.23605635168959049  0.24638800761470894  0.25657727419174453  0.26645671170408686
  0.27780478258104313  0.29005932067485035  0.30228590431357105  0.31447629024150892
  0.32761451255814944  0.34010905803011748  0.35251144624680186  0.36496670972136769
  0.37761717059783362  0.39019373334661328  0.40263763966265753  0.41566021456751101
  0.42909041397455261  0.44312816332744209  0.45714427118646439  0.47070928197591294
  0.48449807910544723  0.49878392330095211  0.51266826048356140  0.52618006361752989
  0.53964485925352990  0.55337200528873298  0.56705658083604504  0.58082370429965324
  0.59455966734299137  0.60845654293704898  0.62268183534370269  0.63709021323377679
  0.65077922941843025  0.66341100824948218  0.67592011361066917  0.68866126569561248
  0.70219659940239254  0.71584110833877601  0.72924227665565733  0.74164375083520351
  0.75363229291065958  0.76588745779784051  0.77767748694478855  0.78943876316633133
  0.79999774677018221  0.81058709839131993  0.82135261323944497  0.83214918267140658
  0.84234075410682929  0.85176826673969541  0.86099253635292361  0.87004626358679604
  0.87875589199877624  0.88715571529503978  0.89549659942269622  0.90391203031087419
  0.91228772576295047  0.92036949316912420  0.92841805316478909  0.93664308527664064
  0.94476693529129319  0.95293444333489785  0.96125999875798129  0.96924261235598363
  0.97679312245523431  0.98443945246080145  0.99195700819487875  1.00000000000000000
 -0.00241041078414787  0.01020786341888430  0.02073146735828457  0.03169120905906962
  0.04257225876339064  0.05260843023183422  0.06314215668183236  0.07377360473600519
  0.08400625688338063  0.09383422397627665  0.10390737683008484  0.11450692051480363
  0.12517986492330824  0.13546958998929079  0.14562778442212357  0.15603758934249007
  0.16580475300188294  0.17547818240249149  0.18522053284494722  0.19591085735324093
  0.20687494890736238  0.21798928595404746  0.22922915147975925  0.24062566506205366
  0.25182358802761567  0.26293318265908472  0.27427821685794923  0.28548209488857074
  0.29610782384000495  0.30633699707484335  0.31647869353514779  0.32692775509295180
  0.33745380379641615  0.34834972283753401  0.35941264520823857  0.37095208817816699
  0.38170508002030290  0.39133065061869393  0.40079675879386345  0.41004483860625751
  0.41989728725938097  0.42956356917746125  0.43935962459460826  0.44959790637389541
  0.45984924221077178  0.47075735240791894  0.48133654630837475  0.49139912208428860
  0.50171241967377589  0.51208342741217849  0.52244663167516792  0.53253007488438464
  0.54279064776451880  0.55347335735559877  0.56458919647417027  0.57550209043122191
  0.58609701386056989  0.59656627006162488  0.60721375771000152  0.61835314295333510
  0.62975281287247253  0.64082984855644942  0.65115173204102117  0.66122356764223855
  0.67209046499061043  0.68232237467359702  0.69190867291992453  0.70155105235655868
  0.71183119365481251  0.72288431162966560  0.73415998069426369  0.74549542143470782
  0.75723137683681596  0.76902614423754700  0.78022422637413569  0.79097387938890107
  0.80155790626896506  0.81249599718188437  0.82317454368987319  0.83393711964078199
  0.84477358529712265  0.85569145426131055  0.86642510944202478  0.87728029388286277
  0.88799697437841230  0.89825068979333023  0.90821694839421130  0.91859867499876591
  0.92964101812739075  0.94077107150009009  0.95160765600950192  0.96191223769328038
  0.97144128716244749  0.98070117917349653  0.99016536343179096  1.00000000000000000
 -0.00228297589352869  0.00908514738835396  0.01870813958558242  0.02810265897387451
  0.03747631883345492  0.04716780430078546  0.05689947300629261  0.06645803003359274
  0.07552053857445891  0.08509792833868091  0.09489719837988864  0.10508511088112901
  0.11512705408123883  0.12498474039914284  0.13538056874856025  0.14643350535953112
  0.15736233402924316  0.16800807631845849  0.17847264411850994  0.18930175532586482
  0.20058806210426128  0.21240481680841683  0.22323206067617316  0.23409386647909350
  0.24445117057916690  0.25503415952257158  0.26567745813967736  0.27690090617988977
  0.28849272653034852  0.29930099491250667  0.30979160314971615  0.31970512657817579
  0.32981041311690062  0.34008759023094615  0.35037252128285018  0.36034407744286284
  0.37005792743684085  0.37974170862420376  0.38990749980802153  0.39938043913178262
  0.40893875772083133  0.41861290461460565  0.42940858545339883  0.44021292647856408
  0.45137520532995717  0.46267154647440573  0.47411660419188267  0.48597298930972965
  0.49679573626336043  0.50744298028233237  0.51780120368293014  0.52873275979127088
  0.54027112448885428  0.55193154651081511  0.56324157435829614  0.57414068689607389
  0.58449968773955008  0.59433451895853362  0.60406377701297909  0.61396837083800648
  0.62407802110366772  0.63440292867654680  0.64488423021634445  0.65580337878531025
  0.66666601523801938  0.67728373731045222  0.68809779949589744  0.69895140377614073
  0.71003585642469647  0.72044759791880819  0.73079626832334954  0.74125373192198207
  0.75220573894724319  0.76271447796473024  0.77306950014172648  0.78401929545334237
  0.79513731182478975  0.80630769184374573  0.81756359589468919  0.82850948418653880
  0.83883326327119057  0.84865968421808413  0.85868434806222893  0.86902490144437439
  0.87994088236678336  0.89083333054858937  0.90151248602816725  0.91177196683645723
  0.92222630291996321  0.93263269739519339  0.94317013876725453  0.95359136178794945
  0.96453882202911279  0.97593473845932510  0.98778999614502572  1.00000000000000000
 -0.02119094718451003  0.68664075325672558  0.69704150372932505  0.70449025735943027
  0.70935077920597112  0.71392636284560562  0.71860152415434519  0.72475462370538568
  0.72991122073841086  0.73407161123811338  0.73794874716238534  0.74201881789976998
  0.74653298320033579  0.75097965361548369  0.75484598768237032  0.75875413308304873
  0.76246832162799283  0.76621272178507183  0.76968914453087289  0.77310703017971116
  0.77657095172827884  0.78018273116560155  0.78383706036420875  0.78735704054044198
  0.79068320045636209  0.79409139122792227  0.79748515093573269  0.80102022256960337
  0.80457437502921436  0.80810971972359003  0.81160868126180929  0.81472735779113081
  0.81769674565154504  0.82058619014458301  0.82346548748540382  0.82633519238075259
  0.82923719489477143  0.83217561191004175  0.83517586949872702  0.83816058866355159
  0.84113970054689235  0.84412415824275033  0.84709737141705566  0.85005961225149074
  0.85300690102715726  0.85591461124069423  0.85875725948769244  0.86152593017190227
  0.86422182633696176  0.86689408878935226  0.86962692477169545  0.87242482250775988
  0.87524963763108310  0.87812816039868846  0.88104204951337162  0.88386385455850580
  0.88657250996933890  0.88917579866742313  0.89179402354519011  0.89445126286080578
  0.89708002954696808  0.89968635652760176  0.90231602646575182  0.90498082835316573
  0.90767494847337038  0.91037522611012589  0.91303614201544003  0.91563602140716671
  0.91820734543373339  0.92069905106691752  0.92318447341662679  0.92570777340069965
  0.92829876690622926  0.93104353564874220  0.93381652783699953  0.93664345462319010
  0.93947519148582548  0.94224861862815812  0.94499996447036871  0.94768640470808552
  0.95037649792076895  0.95318736312642904  0.95591347627264045  0.95879125205344451
  0.96163420092073815  0.96450369254625845  0.96744542973722325  0.97047855881086187
  0.97358147650973559  0.97676504385857055  0.98007967145582930  0.98344306138570747
  0.98687234803515833  0.99040158028730385  0.99478229845335009  1.00000000000000000
 -0.01804441423106667  0.12748426070879898  0.17379904949770530  0.20347328886037797
  0.22811588807408301  0.24843899504302730  0.26604629265007756  0.28225744092128696
  0.29759262959694671  0.31225240109341851  0.32584597640476298  0.33830545358673708
  0.35002770291737423  0.36129431169612414  0.37231169119923563  0.38310276446007779
  0.39359539899195084  0.40395657337925578  0.41398549369256743  0.42364295455555223
  0.43276474061552844  0.44169691642922121  0.45084516957120119  0.46005626410566258
  0.46912973512607253  0.47771282478754284  0.48585242771172604  0.49416478654855445
  0.50210724979150545  0.50997682621406160  0.51772325167290767  0.52572782780891147
  0.53382239753094074  0.54149845760408977  0.54838145878894506  0.55516889673925951
  0.56185952235374570  0.56850617512337553  0.57509993423609218  0.58182943710278912
  0.58848535559800497  0.59506733243404997  0.60155681788813298  0.60804918262599805
  0.61485276751749107  0.62117121574832479  0.62751977731060693  0.63362924602416071
  0.63975556318147597  0.64624982520266105  0.65213767683286783  0.65799643601307967
  0.66363861674254332  0.66914832696983217  0.67465914184355924  0.68011071037602855
  0.68547734812760541  0.69060016100158350  0.69566505610426588  0.70094334866640406
  0.70618392252622897  0.71146788134552730  0.71688362507117909  0.72209539734554729
  0.72696265679664995  0.73175514151979326  0.73669157979727862  0.74164164658447618
  0.74665817247024546  0.75193359057642151  0.75801683074058046  0.76410448877287973
  0.76998244235600055  0.77573434692641730  0.78128924561331237  0.78709271641386214
  0.79309034764201658  0.79896123675922293  0.80488991919558905  0.81074407359374390
  0.81636559657273500  0.82173017509769297  0.82693262625031816  0.83215205680325677
  0.83728635520245764  0.84308575941411446  0.84943797307873059  0.85591948680707375
  0.86205638489451353  0.86751390929739891  0.87246385842166385  0.87717514419429810
  0.88229503744554116  0.88877629215307941  0.98277554667527878  1.00000000000000000
   5.4456320562789416E-005  -1.0000000000000000     
 F F F F F F F F F F F F F F F F F F F F F F F F F F F F F F F F F F F F F F F F F F F F F F F F F F F F F F F F F F F F F F F F F F F F F F F F F F F F F F F F F F F F F F F F F F F F F F F F F F F F F F F F F F F F F F F F F F F F F F F F F F F F F F F F
  <DiscreteSampler_grid>
  grouped_processes
  1 # 1 for a reference and 2 for a running grid.
  10 # Attribute 'min_bin_probing_points' of the grid.
  1 # Attribute 'grid_mode' of the grid. 1=='default',2=='initialization'
  0.0000000000000000 # Attribute 'small_contrib_threshold' of the grid.
  0.5000000000000000 # Attribute 'damping_power' of the grid.
 # binID   n_entries weight   weight_sqr   abs_weight
    13   10   1.334025302958547E+004   1.152069739754738E+009   1.334025302958547E+004
    14   10   1.334025302958549E+004   1.152069739754743E+009   1.334025302958549E+004
    16   10   1.627522444669334E+004   1.666571267628078E+009   1.627522444669334E+004
    17   10   1.627522444669335E+004   1.666571267628083E+009   1.627522444669335E+004
  </DiscreteSampler_grid>
