 -0.00380865758667205  0.01801050044099583  0.03336599808883450  0.04663910455899900
  0.05911691044555688  0.07097096940886577  0.08255897659029285  0.09413085489525459
  0.10560886172608783  0.11696576433918215  0.12839843653627372  0.13992232963066065
  0.15118867582465934  0.16227039756644873  0.17336091415199109  0.18452336755493401
  0.19537115451955939  0.20601649243616088  0.21680465313885372  0.22766884358665362
  0.23827759886244448  0.24885706881687739  0.25974993757987308  0.27070347628945773
  0.28155417541634825  0.29227957921550796  0.30317998205969104  0.31416443826317669
  0.32501070456271197  0.33584297178903266  0.34649148381324468  0.35717268518979101
  0.36786222496585935  0.37858521707280640  0.38935998938360783  0.39997168290117979
  0.41084811798521831  0.42187973026714648  0.43302160085785646  0.44414044625074073
  0.45514196035009391  0.46593035349867068  0.47656784991937962  0.48705727481793193
  0.49736183751228169  0.50775337316695845  0.51822373150415202  0.52888883844752665
  0.53968505966942448  0.55047593480226065  0.56103288204776025  0.57136333617118362
  0.58149439078067744  0.59173656745197223  0.60189730851175205  0.61228667004497905
  0.62286829318645653  0.63362198816822313  0.64428613168790816  0.65495815851621531
  0.66560312498134377  0.67620764160186431  0.68683589264323630  0.69753241682355827
  0.70812804956925102  0.71867743015075536  0.72930038752377968  0.74008823869371565
  0.75059164226853492  0.76106485437262783  0.77146371630768051  0.78193903342745197
  0.79232870823387280  0.80278222847356628  0.81317349709547460  0.82337064155184980
  0.83337849249766949  0.84352661882515800  0.85375787898707844  0.86374231004902857
  0.87386064536563091  0.88389605391576065  0.89371680991564217  0.90350450061560905
  0.91338146060663061  0.92291520158549079  0.93236430407015647  0.94130502786155157
  0.95032736707948329  0.95922378490830695  0.96795262865006793  0.97609511031493357
  0.98334034743469223  0.98948086180457551  0.99493988516049980  1.00000000000000000
  0.00000244236858482  0.00000270324640552  0.00000288164286883  0.00000305537804719
  0.00000323355620467  0.00000342032316010  0.00000360821647092  0.00000380162148420
  0.00000400360226776  0.00000420975733206  0.00000442947405617  0.00000465652654025
  0.00000488552358903  0.00000512108209200  0.00000536771219303  0.00000562234954858
  0.00000588529322668  0.00000616778065426  0.00000645582049975  0.00000675358454576
  0.00000707068873476  0.00000740736563989  0.00000773610149765  0.00000809634391379
  0.00000846956101225  0.00000885256043178  0.00000925217288120  0.00000967793590755
  0.00001011261855674  0.00001055574214300  0.00001102986312920  0.00001153183153326
  0.00001204927385597  0.00001259090130033  0.00001315673900028  0.00001373452824633
  0.00001432867309095  0.00001497386934318  0.00001567551661131  0.00001639491809575
  0.00001716538131903  0.00001799405451328  0.00001883368596210  0.00001974868984620
  0.00002077122725133  0.00002185525684599  0.00002300934488729  0.00002428485929242
  0.00002558608661005  0.00002705360825878  0.00002865970534619  0.00003038898407791
  0.00003227286536263  0.00003431033592752  0.00003655546846858  0.00003902996282128
  0.00004169520116781  0.00004456636424787  0.00004761797932932  0.00005108599965298
  0.00005500820259206  0.00005952400193372  0.00006444464812940  0.00007010341749083
  0.00007624892644654  0.00008318880072972  0.00009072697916347  0.00009906794056690
  0.00010828307178442  0.00011857687988965  0.00013025781542098  0.00014312719444838
  0.00015736100040791  0.00017273865241283  0.00018959240958554  0.00020898551962075
  0.00023134977592189  0.00025578236274941  0.00028203569574173  0.00031061264233468
  0.00034003043725397  0.00037437090676597  0.00041158564572453  0.00045282025680518
  0.00049884741647878  0.00054952446938420  0.00060225413565572  0.00066551627328082
  0.00072780040879410  0.00079843521256137  0.00087832104039045  0.00100779933776419
  0.00116064095905932  0.00161849867853229  0.00310968672689639  1.00000000000000000
 -0.00134808585185313  0.01151123684449842  0.02293005745756611  0.03386478319803496
  0.04463186383069973  0.05515130159673235  0.06600173886607480  0.07691893268797499
  0.08792898422608576  0.09863612725300108  0.10932398064134752  0.12004908895402484
  0.13083084297985459  0.14171672075336597  0.15245523430723837  0.16331610855614651
  0.17416595285393585  0.18514379128450734  0.19647668771657348  0.20788784277600467
  0.21944097873456556  0.23106951631086259  0.24311131484013518  0.25514029852939235
  0.26710219031725319  0.27921932473738781  0.29145909250651092  0.30363451212980208
  0.31573643264688572  0.32792581505634377  0.34021567984436046  0.35278109514697115
  0.36568222521231841  0.37845388708474992  0.39087906092842412  0.40308757779627236
  0.41521391335097380  0.42708266838195180  0.43900880795189023  0.45129067556157926
  0.46388396367661794  0.47638532385008148  0.48848886340547520  0.50027658321361390
  0.51208606455311900  0.52420322375007888  0.53650618327449739  0.54885060521681406
  0.56073405685765110  0.57198712668034035  0.58280543051761202  0.59380312767996002
  0.60516425253943451  0.61648981218216170  0.62760022845393226  0.63875038974617027
  0.64969731373932682  0.66028296662323571  0.67049958624222694  0.68072796034145888
  0.69102414068308360  0.70132720789603264  0.71153402263247911  0.72155301690726026
  0.73142134479603271  0.74100004346982351  0.75046848854363934  0.76006313287991345
  0.76972116747063080  0.77917586577195830  0.78847114273937091  0.79769323537404047
  0.80682920016562698  0.81571414861442049  0.82429826806321127  0.83293473245758243
  0.84173965160915187  0.85055198937290977  0.85922974033875532  0.86755909391991637
  0.87582842484848655  0.88449450058486390  0.89309576822312586  0.90131547992153205
  0.90936659152063004  0.91752211824249996  0.92583937104566882  0.93412438240141638
  0.94201273701458621  0.94963169274875525  0.95737637946065168  0.96557047404895702
  0.97426364808247767  0.98291199594603895  0.99147932163574626  1.00000000000000000
 -0.00248795548329556  0.01017880006082158  0.02046212347915576  0.03114907411071956
  0.04181964798673558  0.05240928211561901  0.06296498302302596  0.07379441188777940
  0.08460263554709097  0.09517009455552534  0.10593287501628525  0.11632955713086925
  0.12659594294336279  0.13685220130291709  0.14751337647835705  0.15835349641457355
  0.16891705688281317  0.17950328649695579  0.19010205109213299  0.20069595075102747
  0.21114079516834122  0.22165050039262876  0.23210305431892381  0.24258114390894803
  0.25292696314772500  0.26296368033234946  0.27312104670787096  0.28331468797120030
  0.29362700972362937  0.30431594249139349  0.31495958092377341  0.32562816562092473
  0.33620101059588697  0.34662029402683359  0.35698195033541830  0.36736706533605290
  0.37787711098037075  0.38882567782387706  0.39968162804521695  0.41094421219683486
  0.42207436776228402  0.43325056578953647  0.44398250854764004  0.45471468636539575
  0.46559400035099907  0.47643563695772312  0.48690045415724803  0.49728644839100661
  0.50776089671567703  0.51837072266109174  0.52910225771839303  0.54003757295645261
  0.55100580759105733  0.56171769253617176  0.57223033104160081  0.58258382851127344
  0.59288600711906103  0.60324738254693966  0.61359046692393227  0.62386632175381906
  0.63422140853997033  0.64471456792918236  0.65559193700258689  0.66652552696470091
  0.67743321510973464  0.68835014363711866  0.69902630499684903  0.70968108990661316
  0.71996833447233910  0.73041597411213910  0.74066993075826648  0.75087718225484834
  0.76095291557181710  0.77107544711762865  0.78140129496446697  0.79181752780206860
  0.80234676083483547  0.81298729462663799  0.82359671512918775  0.83405287919711224
  0.84437412282713231  0.85465531239172088  0.86503172553662455  0.87525609169023499
  0.88566154933765673  0.89589044109197313  0.90639107610271719  0.91645508006283438
  0.92684585421064158  0.93720589015534883  0.94791283823813766  0.95854758890498704
  0.96886607280421455  0.97916399143121868  0.98946413752841189  1.00000000000000000
 -0.00252796648588166  0.01026789387975855  0.02134752947389108  0.03228340131927006
  0.04328279292500390  0.05405429028247521  0.06494796895048567  0.07587092742977342
  0.08671228537766414  0.09770717336385948  0.10860877709048732  0.11939196578746361
  0.13011454022861224  0.14094087611387504  0.15216213808698398  0.16305683876654922
  0.17387848231320999  0.18443770617126531  0.19522851086425269  0.20624792089457356
  0.21728710634156462  0.22835935139848870  0.23953208205777246  0.25064008483364469
  0.26153010982926217  0.27246354766004793  0.28328741602964508  0.29392679620614437
  0.30443893802933747  0.31497304165565199  0.32557677334814106  0.33617158888955828
  0.34676037077170552  0.35732367734739789  0.36783654301072999  0.37859535196135813
  0.38933091626921679  0.39989790624089983  0.41009411720489269  0.42038355175002440
  0.43071405466441598  0.44103027428834679  0.45131148273656574  0.46161126339504899
  0.47216020051888008  0.48261984303921168  0.49301748711922577  0.50326084751130062
  0.51348325267189532  0.52373749495536281  0.53401947074773171  0.54414572374968728
  0.55437832453743174  0.56471599311476062  0.57539831442684297  0.58561819939806037
  0.59564628674086473  0.60557458005331988  0.61578062947348178  0.62619317771634375
  0.63659819519685445  0.64711605127955019  0.65780545771376397  0.66846132114112644
  0.67904847218918485  0.68994173045365836  0.70066114996725515  0.71163423779071266
  0.72179061118245402  0.73203013798069927  0.74220615787223054  0.75265165238810683
  0.76292468608592712  0.77311142497246310  0.78336095479857815  0.79371055345140717
  0.80413671942051601  0.81422793038218488  0.82464949461877157  0.83499128172330661
  0.84535192273593440  0.85588505161928397  0.86656999681582070  0.87721508548312810
  0.88761948470387775  0.89793799284864217  0.90878438505877046  0.91938487710476469
  0.92981655660268381  0.94012368153238879  0.95047438251478555  0.96085036815810188
  0.97098384854667796  0.98075849215100896  0.99046990460291429  1.00000000000000000
 -0.01447059618795891  0.13571189761443003  0.21317450227669718  0.47137358846729704
  0.48567097438559870  0.49462104895800396  0.50186084515562090  0.50840143432860319
  0.51547559785923835  0.52196465976403728  0.52703767733368223  0.53129769094688983
  0.53544271876127325  0.53951701801473606  0.54365992591253809  0.54761627793443834
  0.55153373225904745  0.55526293884961653  0.55881393127560874  0.56227210911637671
  0.56571432497729424  0.56924895596500136  0.57274203150967407  0.57630096816522369
  0.57989895546260595  0.58349536020825687  0.58705151597306959  0.59055556635092188
  0.59402871447799410  0.59749388433473005  0.60095130784077166  0.60445781467450199
  0.60817385336431029  0.61192945980602587  0.61572964762659366  0.61956321549866256
  0.62341075507167343  0.62729913866952247  0.63124837489420460  0.63523130139856177
  0.63924453049559360  0.64329919966162541  0.64745777253726666  0.65174304892229695
  0.65605209289003819  0.66032703184453567  0.66459000034582261  0.66888690965820430
  0.67324670732642677  0.67764086539980606  0.68208340672158385  0.68656237728151659
  0.69115659792941442  0.69587229066723266  0.70062352721585497  0.70537456425672673
  0.71025305282792894  0.71530886979629671  0.72041083612865353  0.72556913765902453
  0.73072048124981448  0.73591130812797634  0.74119188764606914  0.74655817639435862
  0.75204348356366169  0.75757079717884646  0.76310485108657755  0.76862169425392779
  0.77424823521103625  0.78000129410721875  0.78591665004376765  0.79202600301288173
  0.79827367199737154  0.80462000429581204  0.81105016088296356  0.81754709225124411
  0.82410308291648915  0.83072625494814567  0.83752746165070791  0.84451458192732964
  0.85162592473913812  0.85901867590636605  0.86664916045547347  0.87424938132713303
  0.88198387840050363  0.88990958080725047  0.89820233529196447  0.90675338475778866
  0.91555179351221017  0.92477363911767840  0.93446529229629038  0.94468286862309936
  0.95555882409380688  0.96773726898278045  0.98235972321042375  1.00000000000000000
  0.09038104923758607  0.22297397588787554  0.24080252424592288  0.25496453113931661
  0.26783234589725768  0.27972332117711013  0.29124603783683406  0.30245995863061237
  0.31342044828782761  0.32335525686209871  0.33333637392462839  0.34287793729865701
  0.35215724577408553  0.36097742242870534  0.36943761565828420  0.37787143446480048
  0.38621587122748130  0.39442160705350793  0.40231688384279585  0.41026805765523988
  0.41811567634739277  0.42568043939338396  0.43298765493884372  0.44010636066670977
  0.44705082852197248  0.45401753755626773  0.46095273374771084  0.46780130144179266
  0.47447946461040930  0.48099492255467852  0.48740879597103332  0.49380669292990659
  0.50034441278327069  0.50699961178357611  0.51369867858823670  0.52024932423488746
  0.52650618472635025  0.53266151802097927  0.53874633847545339  0.54485676907940661
  0.55104947759095146  0.55727390477967376  0.56344184118746532  0.56946409852857771
  0.57532586817747133  0.58113616173876104  0.58693113505751027  0.59265424200731120
  0.59841241188662053  0.60408424043707221  0.60966389433425283  0.61523319918368935
  0.62071804552312426  0.62614300886599505  0.63147958643576230  0.63683289169960067
  0.64225338925482511  0.64760690299161838  0.65291044939788723  0.65816792181645456
  0.66340258747811343  0.66861748799684650  0.67382984240496757  0.67906205608297965
  0.68423171871669575  0.68935649915489550  0.69457965656469689  0.69980009115565578
  0.70512853602546988  0.71040281284939955  0.71566083860046437  0.72095966105970777
  0.72628146413394890  0.73170480908041524  0.73720162254955657  0.74269461357374078
  0.74827589502176839  0.75404888772686363  0.75991046784909833  0.76576352031006067
  0.77174096411238702  0.77788614390109723  0.78409572399273753  0.79035086005333399
  0.79699631808909643  0.80421407617302854  0.81191216136289523  0.82000475253672489
  0.82832398092318293  0.83713244505120987  0.84713856473081395  0.85795722693264898
  0.87159375500901548  0.89050134473693243  0.92714675305617344  1.00000000000000000
   2.0110273833355776E-003  -1.0000000000000000     
 F F F F F F F F F F F F F F F F F F F F F F F F F F F F F F F F F F F F F F F F F F F F F F F F F F F F F F F F F F F F F F F F
  <DiscreteSampler_grid>
  grouped_processes
  1 # 1 for a reference and 2 for a running grid.
  10 # Attribute 'min_bin_probing_points' of the grid.
  1 # Attribute 'grid_mode' of the grid. 1=='default',2=='initialization'
  0.0000000000000000 # Attribute 'small_contrib_threshold' of the grid.
  0.5000000000000000 # Attribute 'damping_power' of the grid.
 # binID   n_entries weight   weight_sqr   abs_weight
    13   10   3.351374716641068E+006   3.671748707136276E+013   3.351374716641068E+006
    14   10   3.351374716641073E+006   3.671748707136294E+013   3.351374716641073E+006
    16   10   4.272451048939883E+006   5.779063057794835E+013   4.272451048939883E+006
    17   10   4.272451048939889E+006   5.779063057794856E+013   4.272451048939889E+006
  </DiscreteSampler_grid>
