 -0.00208718068085490  0.00822650980854839  0.01764008071256739  0.02739378151644981
  0.03751323525974137  0.04747501516344954  0.05759414344554613  0.06832441960161614
  0.07954237824194471  0.09053564131008791  0.10112546701108810  0.11131130279560666
  0.12127742313844468  0.13138572286412920  0.14171685715477525  0.15227124619088331
  0.16287068226584270  0.17327827714185656  0.18371037269114582  0.19432535345521385
  0.20484972790027850  0.21506200787932256  0.22485071226897518  0.23469402870737194
  0.24485712938338933  0.25509608955700597  0.26521731474489241  0.27529193278585234
  0.28546481073219360  0.29572585272202334  0.30572472003592227  0.31588127584495129
  0.32652645508720263  0.33751310897501596  0.34839357236423085  0.35910015544504004
  0.36987603418014869  0.38080573776625404  0.39185855530040314  0.40307241834276597
  0.41405422132868702  0.42439843548315620  0.43446137272025354  0.44440450837089579
  0.45432985382047431  0.46407699863012292  0.47398186408797366  0.48427203269480790
  0.49496963557924190  0.50537879119626783  0.51555502906387185  0.52571214200671101
  0.53604167734979213  0.54637912729145133  0.55699250946804435  0.56763616815937545
  0.57873137839192801  0.58971546438887212  0.60062844173994723  0.61115770614845366
  0.62175847762902214  0.63272189805523349  0.64373664645537498  0.65473263975423723
  0.66589753892306613  0.67706959363022623  0.68774072925430330  0.69792018716984527
  0.70822562260951538  0.71879342599835938  0.72962288992709101  0.74017507542406646
  0.75076464989714553  0.76137287550018440  0.77186466747184568  0.78223121137761598
  0.79258064004201911  0.80317292289569142  0.81368298133169314  0.82409592609148041
  0.83444061859002083  0.84459153207967430  0.85490376171708360  0.86544712031966220
  0.87597353130617472  0.88692067289222865  0.89808809403841916  0.90982187622682120
  0.92101424048084124  0.93217424154338269  0.94327524857706657  0.95427177133605523
  0.96566717676341174  0.97686349048201659  0.98859668915172383  1.00000000000000000
  0.00001432450848568  0.00003225394268394  0.00003553847534166  0.00003854273934818
  0.00004150670867645  0.00004488091723501  0.00004876451788603  0.00005411938684154
  0.00006012354458713  0.00006638099843586  0.00007237291991013  0.00007782945267437
  0.00008291376974007  0.00008773777421893  0.00009240228610726  0.00009700711450643
  0.00010154038213811  0.00010605444324893  0.00011061484557085  0.00011521090138632
  0.00011974938761823  0.00012423551593151  0.00012888469013496  0.00013384077089131
  0.00013890574157346  0.00014394104643626  0.00014903082210381  0.00015413841491860
  0.00015946500282516  0.00016522127796696  0.00017107326658122  0.00017696700929726
  0.00018278167204482  0.00018901735015917  0.00019553981006150  0.00020222135622360
  0.00020913468355807  0.00021632721254339  0.00022352771993835  0.00023172728054156
  0.00024030475475008  0.00024909186425225  0.00025814525646884  0.00026732730210783
  0.00027679774772057  0.00028686542939278  0.00029729247217932  0.00030749291292439
  0.00031786201832812  0.00032848489673395  0.00034041163390700  0.00035270638718483
  0.00036544310301448  0.00037883742574311  0.00039269700088971  0.00040743161902802
  0.00042304836876150  0.00043913798865703  0.00045552558759674  0.00047266582129421
  0.00049123743728467  0.00051096070693839  0.00053248298304636  0.00055386354486038
  0.00057738733438533  0.00060485787150594  0.00063704758830599  0.00066967023250421
  0.00070039095657030  0.00073648497526645  0.00077601423206297  0.00081897868576246
  0.00086551865070590  0.00091354473586042  0.00096281448436960  0.00101283368877081
  0.00106330457195238  0.00112015210516495  0.00118944010280869  0.00127151986863731
  0.00136255061724151  0.00144739564252674  0.00151977136022170  0.00161201063531540
  0.00173768151415010  0.00192648222935417  0.00215867746982694  0.00237567656782182
  0.00260040788549626  0.00289432480635655  0.00353737696296063  0.00448171847493236
  0.00619860046360864  0.00876359412245953  0.02223555908728797  1.00000000000000000
 -0.00188133247866905  0.01074003430209423  0.02280701069659350  0.03525905974362867
  0.04753691361966736  0.05867023752248957  0.06920474187903024  0.07983326634578895
  0.09033453274875210  0.10087925325920148  0.11144316210401559  0.12251113202667242
  0.13299160140720331  0.14357444708062944  0.15427996046705253  0.16513831060386225
  0.17580248191298997  0.18590302160902841  0.19615813347098904  0.20653264492061715
  0.21730110667213942  0.22778109983897349  0.23814320257288005  0.24864440236856314
  0.25963370510796857  0.27049956566092764  0.28093291164160078  0.29108648642573715
  0.30172300293830229  0.31253157227403006  0.32316941599480398  0.33346193512328764
  0.34344888901790149  0.35321256843679261  0.36286265688700670  0.37252950356569081
  0.38248546831361058  0.39247600082263512  0.40281317765709845  0.41326070630576611
  0.42354187226711926  0.43357984471686517  0.44348026644969640  0.45338192769018104
  0.46346662972935704  0.47390663679787159  0.48456860494967174  0.49507906273282443
  0.50516250306200672  0.51496492358790980  0.52468954607760043  0.53433413054012380
  0.54396330034189744  0.55367147153629626  0.56368985643080571  0.57387866282354771
  0.58417113376225860  0.59465236560769286  0.60530570930795213  0.61603128781924976
  0.62664681512019971  0.63710180082849022  0.64722871043962504  0.65698076709386155
  0.66680142324982439  0.67691276429845260  0.68754304016864254  0.69843615068489973
  0.70926226897620981  0.71989867638099558  0.73037617245633779  0.74063434663836303
  0.75076781115730884  0.76072831952474818  0.77038824206523282  0.78002821961849644
  0.78984166382225451  0.80031290438299552  0.81119234381036776  0.82190783369085674
  0.83241284655155512  0.84290984983095874  0.85327257139657020  0.86356413222468698
  0.87388974165251121  0.88444297224454416  0.89533626399309429  0.90626380083323022
  0.91704253910908062  0.92750069462891982  0.93812916602126384  0.94941334119993404
  0.96154108343281652  0.97431816626797463  0.98706952740000298  1.00000000000000000
 -0.00242294417577624  0.00961401535404540  0.01995814920054375  0.03052534094318413
  0.04115467399822096  0.05138982411293725  0.06194138586564971  0.07221679218308585
  0.08274077814749245  0.09333723974477195  0.10425363489086993  0.11541392008965186
  0.12649685807442895  0.13749471636041219  0.14836758597116151  0.15917097905082053
  0.17028958404340200  0.18124514073922274  0.19220564612954658  0.20319366961210905
  0.21439779463755862  0.22580153829084310  0.23689327281680658  0.24796488032795211
  0.25884615519734816  0.26957360522918800  0.27993581821754360  0.29017136947484057
  0.30077695153184175  0.31119486597917728  0.32148815067876724  0.33168118362854565
  0.34215523538593712  0.35305551165437354  0.36367504180436361  0.37397077882692309
  0.38400630530147867  0.39405065092157349  0.40458665523912840  0.41532918837353594
  0.42599543925606670  0.43663759216626535  0.44713795334341150  0.45776931865364234
  0.46856661997431465  0.47953593652461673  0.49007215565267798  0.50024598056597935
  0.51027203008927968  0.52059778698292902  0.53119683601084045  0.54221301733201421
  0.55331847943405033  0.56424570069679281  0.57500262404471270  0.58567155176969188
  0.59592679833586293  0.60585381447076314  0.61576873264868204  0.62584390507178989
  0.63627923239204787  0.64686456224397326  0.65789315288678674  0.66891969886635250
  0.67976897118392632  0.69060805441161810  0.70152573236615590  0.71247836271974563
  0.72287881799291087  0.73303921003059058  0.74300433617970907  0.75288791723930470
  0.76271405710706230  0.77265913687111720  0.78274429798547285  0.79281239070231857
  0.80280664652503775  0.81294808217857040  0.82333589589207323  0.83383233284161418
  0.84412581523951769  0.85416242523846875  0.86421836056126855  0.87441460803775506
  0.88499441494791442  0.89593010142639029  0.90722714663098503  0.91813782751450179
  0.92827192258733149  0.93810500574972988  0.94789409967837202  0.95784379247694285
  0.96805042575573153  0.97813558199337736  0.98901944267525321  1.00000000000000000
 -0.00211035597828004  0.00742345204372335  0.01561846733646197  0.02394892395533947
  0.03258387994831041  0.04156778693673527  0.05087110096392333  0.06052094799741953
  0.07057439087786403  0.08074318026723795  0.09072100092838190  0.10057790016395937
  0.11040967727292325  0.12008525240967105  0.12997543744879703  0.14002156228831619
  0.15033734243531868  0.16036526379605501  0.17019703471829775  0.17994320958021090
  0.18996961756588551  0.20017833634560017  0.21061928514974482  0.22111749078122117
  0.23155539158371985  0.24203573791353411  0.25275941988891376  0.26351927955820964
  0.27487321189661890  0.28616068532104300  0.29748843108924433  0.30821637383783490
  0.31857490223001012  0.32895106643703864  0.33981730039687602  0.35145664609709731
  0.36364172292289765  0.37587615710113464  0.38787137949157668  0.39978263230015609
  0.41178284145945487  0.42395615438437373  0.43612111310806578  0.44792474756967560
  0.45934939970844196  0.47035065898192185  0.48148923896090945  0.49291670835223067
  0.50422603466379012  0.51551995973175657  0.52655222480250585  0.53784625698256794
  0.54926015103091164  0.56095165446106199  0.57226102374524912  0.58345905578827406
  0.59508894838609128  0.60686930670595429  0.61862577382454620  0.63024457871735962
  0.64205591642084714  0.65373907986900437  0.66531459257643688  0.67674763681853811
  0.68791528220648812  0.69868587556547079  0.70953306515216141  0.72058087424013961
  0.73204896103919770  0.74364365632429674  0.75511730122346621  0.76655515323602696
  0.77791496690044071  0.78924578134065637  0.80030881338646720  0.81083496160810808
  0.82116934224852223  0.83173742078463875  0.84261955798168076  0.85344930793444107
  0.86358309304284742  0.87338237243787376  0.88321517594538523  0.89288003918739811
  0.90242860558557947  0.91172338620648052  0.92091015784861474  0.92977200303837526
  0.93838459196591706  0.94686911623333359  0.95546296824463217  0.96382876697759923
  0.97255154325231208  0.98164041851759165  0.99106463233740072  1.00000000000000000
 -0.00228011788990810  0.01079717990944568  0.02161181390597371  0.03201248982493990
  0.04263909398252271  0.05328638280270594  0.06388704804153839  0.07421078728670050
  0.08428719552192084  0.09441475911399837  0.10467832233783711  0.11545754566817858
  0.12634754380736821  0.13732196665450658  0.14826731375940991  0.15928769582853536
  0.17032194723919228  0.18079095016746682  0.19096177413524051  0.20093592599975144
  0.21119170000666088  0.22184188863946022  0.23277733819960955  0.24380529553099992
  0.25469872310208735  0.26535139917659550  0.27602278131792313  0.28667627850418526
  0.29719878537146099  0.30779130578244696  0.31861989077264757  0.32935719055468554
  0.34028614894603426  0.35102877093625195  0.36198148758534593  0.37298004444863081
  0.38353898618991872  0.39444033855836952  0.40540485691581840  0.41620081450213764
  0.42677771097751960  0.43693385206430757  0.44818359994119139  0.45914826072913539
  0.46997127585502374  0.48046555932434420  0.49128461004918755  0.50195373828594070
  0.51282279076058668  0.52366662630201566  0.53467382156166432  0.54468436913893337
  0.55469905170698230  0.56456520467848814  0.57467786988459479  0.58464138992239412
  0.59494775228411922  0.60537463932711844  0.61547611056653795  0.62519230943406312
  0.63467952783988457  0.64458138294002332  0.65457196993325539  0.66492282340937492
  0.67512492219450826  0.68489608576833205  0.69474581252367995  0.70451964036089265
  0.71538425177928722  0.72618031656866078  0.73685749158472458  0.74761492849552857
  0.75839419797609720  0.76984843588784291  0.78108659697561278  0.79181490312565195
  0.80196880573762253  0.81174266668592732  0.82204726464332067  0.83263645904130545
  0.84309602080851509  0.85321706532519292  0.86296034880267214  0.87283846583354274
  0.88322600192941214  0.89359304436859632  0.90389915040673474  0.91416946700387880
  0.92465566727586679  0.93514820560023149  0.94569344295305324  0.95616812548447383
  0.96683053705689270  0.97759874911157785  0.98866706834235440  1.00000000000000000
  0.00123514073272112  0.01377172846451365  0.02567769155790835  0.03704036151108445
  0.04829276918776382  0.05900286725383086  0.06946735443305037  0.07998151835297797
  0.09085065742044003  0.10149923829374716  0.11162974923130110  0.12147489743544358
  0.13136616468551324  0.14133606298068432  0.15152732406884595  0.16178145321208479
  0.17197938947003741  0.18229145910993011  0.19250963314925995  0.20304986982305942
  0.21412454139864551  0.22535546517444000  0.23641158824455838  0.24724750473867574
  0.25807969735833663  0.26904549493623464  0.28002300172136851  0.29093149560057907
  0.30194245347845344  0.31275648318000676  0.32335444082682135  0.33413084418506833
  0.34450546008584904  0.35516502130143535  0.36576920386732986  0.37619845631502796
  0.38606655821653052  0.39596512834813885  0.40575472378076910  0.41580818097997668
  0.42598256445489291  0.43632031212752448  0.44643184849025991  0.45633673478027514
  0.46659876969295871  0.47702533564781185  0.48766383842043642  0.49794941450297125
  0.50811800446175481  0.51825211473527699  0.52828619066833060  0.53802527392856125
  0.54813583059484972  0.55850624800149351  0.56919219788297593  0.57934917432801381
  0.58965446427085977  0.59995722727633161  0.61088862245321507  0.62140768956453574
  0.63222596879392912  0.64268008133776100  0.65309772286236745  0.66351817064118690
  0.67401312677636549  0.68438413453339308  0.69460085210545486  0.70471168795486172
  0.71491165651661648  0.72525430869388330  0.73536056789461446  0.74515216755321689
  0.75466118829486151  0.76435755017869456  0.77431490210537546  0.78457179835467072
  0.79483237958411768  0.80507359306479809  0.81529658083987033  0.82570154024928311
  0.83627589907273769  0.84665658689248857  0.85669023299791858  0.86628224542114685
  0.87588992189875026  0.88558731095918486  0.89560065837008851  0.90576992683236190
  0.91616335147993466  0.92713214137737665  0.93871814902104189  0.95046839975501374
  0.96204504276239078  0.97414807585666408  0.98653836427299846  1.00000000000000000
 -0.00250646312547076  0.01123264097033731  0.02198550506739734  0.03280739693647854
  0.04341154685317081  0.05451847828811222  0.06564796708732455  0.07657241317167984
  0.08754939974197953  0.09792264517563846  0.10832549756428653  0.11837656245700445
  0.12868873002372688  0.13893390348496401  0.14955619284097310  0.16038550132045470
  0.17089779859593524  0.18079503026366744  0.19050027149902801  0.20046457751199251
  0.21079475859071398  0.22135457769088518  0.23196320837191622  0.24278559909244316
  0.25370638021604380  0.26435499378535909  0.27475450024475717  0.28486908306006209
  0.29504639198550658  0.30545236418126681  0.31612458740707056  0.32695705027823724
  0.33761664483116699  0.34796161730047015  0.35822146391667253  0.36834266190824577
  0.37840055937545353  0.38849282958241865  0.39895141154777403  0.40962898395123176
  0.42006751704935813  0.43033372962666516  0.44071684350859297  0.45151222313599954
  0.46237948850897959  0.47323565634623360  0.48414513838604850  0.49525033189045886
  0.50629362556710278  0.51743311342450293  0.52859487948260442  0.53945854811225136
  0.54993059726384841  0.56009917266849729  0.57066384030737705  0.58122700479649037
  0.59183635425822012  0.60266012527645041  0.61343859680937052  0.62465959828899342
  0.63528532334596333  0.64595220322417402  0.65620080181416551  0.66641534465912533
  0.67674764492846873  0.68744004634380063  0.69818712241339553  0.70893141120186354
  0.72038403224679959  0.73178815504070760  0.74300220678482309  0.75341136476978554
  0.76364375526952932  0.77393194098782370  0.78409350267708422  0.79440527327287569
  0.80455100204709951  0.81474215803620254  0.82490171325261308  0.83500567069042264
  0.84463558422698948  0.85442379067602903  0.86459335958752803  0.87522675058658883
  0.88588292875279950  0.89591637390917789  0.90601666150134919  0.91628639233438047
  0.92697442239633598  0.93780078929609523  0.94872137955543079  0.95899962198541444
  0.96920998025121607  0.97936723727418451  0.98975740429239900  1.00000000000000000
  0.51746065624224913  0.66777810942237903  0.67186303513707757  0.67637925544090138
  0.68847995023972330  0.69516001345202783  0.69990329385200856  0.70468112143494510
  0.70980438073757979  0.71546317127304604  0.72110699060592276  0.72630731588744168
  0.73123098746057924  0.73618334354670056  0.74134312050979045  0.74664548448957868
  0.75193621773423447  0.75661258276619892  0.76115704427619313  0.76559769414929668
  0.76995388138020782  0.77427977512189328  0.77845706860449060  0.78263688953016286
  0.78671031065284125  0.79079289395614205  0.79466246860630285  0.79847749452537131
  0.80223122692877702  0.80580741619538376  0.80932450530870870  0.81276839467611695
  0.81613415126893274  0.81951981399068974  0.82292613005399440  0.82634485394457236
  0.82975979664967958  0.83304405207779697  0.83620769998120348  0.83922037670368121
  0.84219846154015332  0.84519230827506453  0.84814830844533284  0.85107116543786232
  0.85390247811294862  0.85672839288373492  0.85955709640219780  0.86239624533595438
  0.86524276898136288  0.86808031769108218  0.87089509616830574  0.87362158545794177
  0.87625080990514903  0.87885539603461504  0.88144298087567841  0.88400216856798486
  0.88657309524447958  0.88916227696207462  0.89171590295564551  0.89423954868913347
  0.89675553058051516  0.89925159283199230  0.90174595709671612  0.90422821904232575
  0.90669037701249611  0.90911792390317214  0.91150400507606955  0.91387275977738658
  0.91627097553459802  0.91877883769971758  0.92132361211712621  0.92387046526840133
  0.92639476501357998  0.92894217778673538  0.93147187960463285  0.93400795444803886
  0.93656921881641209  0.93917249932925762  0.94178246218902029  0.94434863705139127
  0.94688527102110986  0.94942250217297108  0.95198972653608205  0.95459066421001570
  0.95729856923601608  0.96016990796222601  0.96312573774664700  0.96614936772211180
  0.96924218966097087  0.97246909188681530  0.97586297282564693  0.97951140319381891
  0.98350030071079209  0.98787005764221747  0.99330297504502030  1.00000000000000000
 -0.01609337265165220  0.11966360688020251  0.15256333042761300  0.17503615054222815
  0.19178237747502191  0.20476957411321262  0.21620929254160837  0.22708495310701096
  0.23766164957758748  0.24765988399052524  0.25725617582459165  0.26675931513933632
  0.27614300984753126  0.28512870618611524  0.29343665545326081  0.30108575363325724
  0.30846534376514306  0.31590588344826775  0.32350791106774224  0.33103792110563668
  0.33829903155683583  0.34534690838371107  0.35232794968148456  0.35897169382047339
  0.36558328225690440  0.37208577019387779  0.37846883125808400  0.38455052962207004
  0.39049187537536434  0.39646655899701727  0.40236368421510338  0.40833222723373080
  0.41431511252538866  0.42025325187536910  0.42621221975202128  0.43208911920928272
  0.43776493143924383  0.44331198948841638  0.44869670547967444  0.45418078300622700
  0.45961023431024067  0.46509660845570217  0.47044361354450620  0.47582944628385543
  0.48136535301657241  0.48705849145314933  0.49270555314794856  0.49828293621745412
  0.50383074020226570  0.50956005051227826  0.51544677866870092  0.52130295385455072
  0.52709035477766841  0.53275305708513376  0.53829018769730086  0.54372485933022308
  0.54940230891943309  0.55511051897135222  0.56104165938163886  0.56704046904484739
  0.57286686684043198  0.57856156343266762  0.58427395165416485  0.59006322856278903
  0.59603540714692860  0.60224543383661955  0.60832533355213347  0.61445475739305289
  0.62032405069660057  0.62652055984753940  0.63287632267695493  0.63947440136501321
  0.64621305130182738  0.65314610999200284  0.66028887089467958  0.66755458753027330
  0.67481897773752519  0.68196472022578003  0.68905775944497560  0.69628426325235715
  0.70374511955239361  0.71174969693945611  0.72046437115785056  0.72942978835724892
  0.73852968748401415  0.74792192452223993  0.75794687937557947  0.76890040522590641
  0.78096533917531152  0.79350622374781576  0.80826274735194115  0.82496064174003192
  0.84520687035361131  0.87132782024746935  0.91654368494441230  1.00000000000000000
   2.6847596969153055E-006  -1.0000000000000000     
 F F F F F F F F F F F F F F F F F F F F F F F F F F F F F F F F F F F F F F F F F F F F F F F F F F F F F F F F F F F F F F F F F F F F F F F F F F F F F F F F F F F F F F F F F F F F F F F F F F F F F F F F F F F F F F F F F F F F F F F F F F F F F F F F
  <DiscreteSampler_grid>
  grouped_processes
  1 # 1 for a reference and 2 for a running grid.
  10 # Attribute 'min_bin_probing_points' of the grid.
  1 # Attribute 'grid_mode' of the grid. 1=='default',2=='initialization'
  0.0000000000000000 # Attribute 'small_contrib_threshold' of the grid.
  0.5000000000000000 # Attribute 'damping_power' of the grid.
 # binID   n_entries weight   weight_sqr   abs_weight
    13   10   3.214302983705302E-001   2.223237489856192E-001   3.214302983705302E-001
    16   10   4.025897039499675E-001   3.508038376716469E-001   4.025897039499675E-001
    22   10   3.547809536892795E-001   2.671290962940474E-001   3.547809536892795E-001
    25   10   4.634061032991105E-001   4.564104572546911E-001   4.634061032991105E-001
  </DiscreteSampler_grid>
