 -0.00272236878465950  0.01470846016543569  0.02813950166032995  0.04046126314605129
  0.05205899047460402  0.06342936483101268  0.07473554544184838  0.08579250461929701
  0.09660899088012294  0.10707442356001774  0.11742291561323279  0.12789450316284681
  0.13861274186122066  0.14912510317591726  0.15966273278050808  0.17022859380437572
  0.18094230647331228  0.19176376315180879  0.20251148844648820  0.21336736528843292
  0.22415404720685864  0.23504659010877035  0.24588200419554720  0.25650601503443377
  0.26682710308600499  0.27783408624849720  0.28899185685773532  0.30017400143438927
  0.31115786208429452  0.32169632177553092  0.33236092163591890  0.34296249100293363
  0.35352739330631583  0.36408815601267264  0.37440302960588145  0.38550967974077405
  0.39696753465426121  0.40815889464040134  0.41879830773606808  0.42919412006500690
  0.43931358756146699  0.44934091699979384  0.45915216335390430  0.46928480145829243
  0.47933460969409081  0.48992108341087592  0.50092043101697414  0.51254912867766322
  0.52424162703589949  0.53584098101122224  0.54718279724339347  0.55835439647506202
  0.56951828687098049  0.58031304155012986  0.59033376161298168  0.59988570623421056
  0.60949408819474338  0.61944945473403068  0.62965838572030519  0.64012082738326559
  0.65056049861486764  0.66107629425512360  0.67169520814793471  0.68238285441975977
  0.69312845399376521  0.70375683444964199  0.71472471108153124  0.72583058399500100
  0.73660922240983973  0.74726210983641761  0.75779798482216076  0.76849091483852627
  0.77885422085754508  0.78893528765519827  0.79882741501602972  0.80909558622711109
  0.81982330545047888  0.83094528168790238  0.84149753122877469  0.85148180658989114
  0.86115434462533624  0.87053328577901345  0.88018232570168697  0.89013299815994873
  0.90028112270503313  0.91011480034578796  0.91979106412734690  0.92946006495896216
  0.93925659014408203  0.94897135213733264  0.95883864684908271  0.96823830987282711
  0.97700274945896182  0.98515664728964325  0.99265479893501840  1.00000000000000000
  0.00000301529908184  0.00000312924117101  0.00000322027812187  0.00000333701705958
  0.00000345378886973  0.00000356948782868  0.00000369025149498  0.00000381700245442
  0.00000394019358102  0.00000406025366657  0.00000418572028150  0.00000432794041414
  0.00000449438953683  0.00000468541229248  0.00000489086507995  0.00000510365196591
  0.00000532151943219  0.00000554142491457  0.00000577349129515  0.00000603121627926
  0.00000630201687360  0.00000659158332237  0.00000691301088059  0.00000725035580910
  0.00000760665412868  0.00000798317607111  0.00000839212379302  0.00000882982299191
  0.00000930392843512  0.00000982658376514  0.00001035746113267  0.00001091554902887
  0.00001152146806959  0.00001213585172130  0.00001281520449315  0.00001353013544932
  0.00001429534219423  0.00001513891980126  0.00001605100070567  0.00001700439618104
  0.00001803846908950  0.00001910887570066  0.00002027265910851  0.00002151130621426
  0.00002283449439396  0.00002427332281314  0.00002577411162797  0.00002738423268357
  0.00002905059573950  0.00003084116465649  0.00003279952873615  0.00003491256404399
  0.00003722258356628  0.00003967888085989  0.00004225468479785  0.00004498740819403
  0.00004793404686234  0.00005115186769803  0.00005460839042413  0.00005828913461444
  0.00006221307283056  0.00006637600995482  0.00007086179729602  0.00007562750358558
  0.00008076354268442  0.00008644398587792  0.00009281926386365  0.00010002244801722
  0.00010782534519761  0.00011620601572950  0.00012549272197245  0.00013598122023819
  0.00014804503203680  0.00016117806199860  0.00017523880232894  0.00019009328427670
  0.00020598808588775  0.00022366300753389  0.00024403147330689  0.00026527881314377
  0.00029028968719081  0.00031889792586117  0.00035221956005642  0.00039773135000535
  0.00045622175716632  0.00052183407426634  0.00059456498016233  0.00068036235229733
  0.00078583716816182  0.00092194640426655  0.00109186524915707  0.00135643191831046
  0.00192581729041285  0.00279797597598475  0.01435074679627439  1.00000000000000000
  0.00000269713764321  0.00000290275837979  0.00000308991887078  0.00000329423581999
  0.00000349328754939  0.00000369262730177  0.00000390026554881  0.00000412201647081
  0.00000434533020016  0.00000457142921767  0.00000479910363789  0.00000502947066169
  0.00000528602355637  0.00000556438192277  0.00000585901348322  0.00000616982582319
  0.00000648412114151  0.00000681172307818  0.00000716828921258  0.00000754805564853
  0.00000795184995979  0.00000838747270980  0.00000884815695995  0.00000933134865095
  0.00000985989990679  0.00001039364698839  0.00001096410711761  0.00001158589215394
  0.00001220873909470  0.00001286607755058  0.00001354776987028  0.00001423833554194
  0.00001502001520726  0.00001586357641389  0.00001675642802647  0.00001773480668061
  0.00001871632633944  0.00001974530914498  0.00002085509741245  0.00002200931488680
  0.00002327799107713  0.00002463120493632  0.00002604805928409  0.00002755523745127
  0.00002915826865977  0.00003086344014239  0.00003269544633647  0.00003461809347734
  0.00003666459384048  0.00003887769699820  0.00004121718052467  0.00004372038502559
  0.00004627460362511  0.00004896588884639  0.00005184457443353  0.00005488046662654
  0.00005817386582327  0.00006179510391434  0.00006562879341762  0.00006995668259144
  0.00007407417158993  0.00007866905831526  0.00008359122240384  0.00008928330712057
  0.00009546763944673  0.00010196757532175  0.00010861454866517  0.00011623582122905
  0.00012468777316520  0.00013406720709990  0.00014406462659426  0.00015525378613803
  0.00016806275533233  0.00018270876924831  0.00019849293425142  0.00021551940414609
  0.00023453125395193  0.00025591290884008  0.00028006783614699  0.00030790837153661
  0.00034267560523972  0.00038622991036743  0.00044000979928568  0.00049769890616168
  0.00056643818889319  0.00065406842771054  0.00077651284916154  0.00092258362283808
  0.00110573345722561  0.00135225450746276  0.00171392870822937  0.00217152734771137
  0.00279482567328082  0.00398627275218265  0.00773683641180812  1.00000000000000000
 -0.00251272573890554  0.00950226674012659  0.01957390119259649  0.03019694171503509
  0.04036719133219486  0.05119053851770368  0.06169458384730018  0.07215190821363689
  0.08200144903190340  0.09219347898168857  0.10265180068739176  0.11306129901647093
  0.12292187988237598  0.13208820267034665  0.14098112351511918  0.15001444966641794
  0.15975060826575382  0.17020708238384688  0.18072117233984208  0.19089334591646293
  0.20097382207826642  0.21135303948959694  0.22205038211485195  0.23281257645637007
  0.24327747499447555  0.25359013948042719  0.26386841558611429  0.27427601919628891
  0.28485359394920251  0.29567201295505552  0.30657554665138403  0.31740232904994231
  0.32810738880331924  0.33895537816662946  0.35000217046852067  0.36100292865470207
  0.37186804381187916  0.38261653964683523  0.39356531859149757  0.40466287871621021
  0.41581816308972158  0.42668617046590540  0.43757708358459896  0.44856866948062679
  0.45958301781501526  0.47061863952270511  0.48196038603573749  0.49334967245871603
  0.50450052541737866  0.51525398789815002  0.52595899072414531  0.53700304569321611
  0.54845306506728897  0.56009629601000599  0.57176526443002285  0.58329772490756748
  0.59461486638934336  0.60602010966744491  0.61767641915261684  0.62881522852421090
  0.63969052177353425  0.65042509087045675  0.66179284979436759  0.67288120223195858
  0.68327262237440800  0.69325362863469486  0.70303101608839902  0.71300032189203311
  0.72305903745523259  0.73334677158130712  0.74382786453512162  0.75456053042946991
  0.76524032893251437  0.77590279575789156  0.78637150626152674  0.79670419560763905
  0.80697573999233763  0.81743777768163572  0.82799586637310407  0.83849398704121880
  0.84847940837122371  0.85821484553603067  0.86790889931189730  0.87745422392778682
  0.88673464707794458  0.89597619946738472  0.90573970104825774  0.91627725626853596
  0.92712517098634228  0.93771662726334892  0.94804830599670753  0.95840367463007070
  0.96860821886882820  0.97907611555002938  0.98962321283845633  1.00000000000000000
 -0.00250893375775502  0.01028543174341699  0.02116906363786394  0.03168903096190860
  0.04246432041907133  0.05339707629065019  0.06376785002424125  0.07356620120350101
  0.08305553655626083  0.09307139057147724  0.10360280875363964  0.11394429186293875
  0.12440600424997653  0.13486285933210912  0.14527588720168250  0.15603229775787808
  0.16684978645431428  0.17822456171797266  0.18929636256783575  0.20043877189790413
  0.21169598623060409  0.22305887313541242  0.23353510577471590  0.24398739686045198
  0.25383866085108409  0.26419466821091592  0.27416333268776938  0.28455438872999927
  0.29484766508746124  0.30518689484648781  0.31568773303587383  0.32689512932954690
  0.33731438240935324  0.34755739400923358  0.35772951007559833  0.36792670623549162
  0.37810366536526963  0.38787680744324221  0.39807832141411670  0.40855750269130880
  0.41922600663198212  0.42999810746994954  0.44050860085787896  0.45090025628083191
  0.46129081014872891  0.47197916144085411  0.48300643355569489  0.49380195248425401
  0.50440486251048378  0.51482546376864435  0.52534469185818200  0.53607820100931758
  0.54694133887468643  0.55778512579302608  0.56855058768093780  0.57909446501877038
  0.58968967035289088  0.60018211485469697  0.61051560021492213  0.62085909161511144
  0.63169566024566703  0.64278250093425127  0.65306050440216368  0.66303379903171966
  0.67306286007409655  0.68312027451550272  0.69279356990976404  0.70223616670134636
  0.71196107082669147  0.72208442801275630  0.73230291575552342  0.74250653793552246
  0.75279568953458242  0.76310488863397385  0.77346387246883519  0.78402395401805247
  0.79482839142131756  0.80591677645523518  0.81711431894883102  0.82826407858914497
  0.83925560299399427  0.85004947194439973  0.86057714510757122  0.87095296377650522
  0.88132267323111668  0.89186674033795832  0.90254209851309963  0.91329303312474552
  0.92401838143370607  0.93477228908386811  0.94582093555381164  0.95685282160526841
  0.96763975537139757  0.97811200310371571  0.98894699892803806  1.00000000000000000
 -0.00235623752552652  0.00939078275948477  0.01913152832398521  0.02975610411634741
  0.03964746794494513  0.04979802170253788  0.05986650325498372  0.07072729795484602
  0.08184116779423609  0.09296079592418388  0.10395913377889777  0.11482757040046934
  0.12581085041051310  0.13650595160913573  0.14706377331608211  0.15725828394844488
  0.16737591068917085  0.17736513017180797  0.18742542403923915  0.19756339555854818
  0.20781777046455199  0.21826097902731703  0.22902038059509588  0.24037871589666396
  0.25193590334743377  0.26317927800098623  0.27402342780802003  0.28474675051445292
  0.29542455752849289  0.30586863032754941  0.31670298581563383  0.32738828550899807
  0.33831404537944920  0.34904626318844306  0.35975335735910813  0.37012102982172057
  0.38038009236500436  0.39032045934504050  0.40040086070082948  0.41080945465901209
  0.42182332447890392  0.43305319078337262  0.44387872224016783  0.45465408211759017
  0.46571730303823816  0.47705034922091955  0.48859942726396854  0.49965717590723363
  0.51036663133386839  0.52065432154414260  0.53065973964710011  0.54054265251993905
  0.55009138703197302  0.55983826615074417  0.56939576853722351  0.57953692155810332
  0.59027855872145263  0.60125416808508048  0.61213569824206560  0.62257238921420022
  0.63298736024915303  0.64357755811126094  0.65450127814755732  0.66514929956659530
  0.67543603827141274  0.68547511474769707  0.69563235416870661  0.70604946060075724
  0.71700115957631816  0.72777648639342074  0.73854761854492645  0.74930314121912012
  0.76046755504446739  0.77187107923523479  0.78278180631529715  0.79352044425933976
  0.80408375714181801  0.81513205230983399  0.82626382881968485  0.83726346185143241
  0.84813662200884321  0.85749709593752499  0.86710523404237161  0.87651225160450852
  0.88671475329257632  0.89679249632306635  0.90704571828385783  0.91731144402652598
  0.92803558773860517  0.93822886101773106  0.94857585619781226  0.95889654964920468
  0.96968737169446217  0.98032184384493637  0.99024759928946926  1.00000000000000000
  0.00000216278674671  0.00005948695257379  0.00011681111840087  0.00018253555794178
  0.00025472749600111  0.00032807620344419  0.00040677735363611  0.00048547850382803
  0.00053784649137145  0.00058941277233025  0.00063242917428864  0.00067626227385258
  0.00072161013930628  0.00076659618069182  0.00081146816894634  0.00085648338032569
  0.00090155239768557  0.00094668084914597  0.00099114009276242  0.00103701942962233
  0.00108902922714915  0.00114624567905595  0.00120854521105237  0.00127122965781040
  0.00133407471556394  0.00139772562125529  0.00146193549678773  0.00152712956532837
  0.00159418202340758  0.00166191700340839  0.00172694919370745  0.00179218905018137
  0.00185835868422012  0.00192594073424632  0.00199596539936128  0.00207150596950480
  0.00215137757454966  0.00224202081334608  0.00232846083292214  0.00241207446020269
  0.00250126838388940  0.00258707824861624  0.00266789431869813  0.00275571898251678
  0.00284547938644590  0.00293027586433533  0.00301625019068991  0.00310353542732263
  0.00318685532386629  0.00327034315013183  0.00335750481769928  0.00346061185727340
  0.00358234199572069  0.00370141389432568  0.00380718339195400  0.00390754539977483
  0.00401066957287415  0.00412456709068917  0.00426816094587959  0.00440692481057018
  0.00455701640455127  0.00469442065284399  0.00480606721402370  0.00493656728496811
  0.00506580192102386  0.00520943089869104  0.00538918068668833  0.00562349056837408
  0.00590263662671643  0.00615113026532525  0.00637254378136400  0.00658907376133823
  0.00677028218797613  0.00692591137019823  0.00707535196176518  0.00722855400321946
  0.00740649690495613  0.00766101198088770  0.00793204759581278  0.00824056105725004
  0.00860412740704553  0.00902249286763402  0.00943334942828659  0.00982564362268483
  0.01049959035311526  0.01344776677646745  0.01416266663563395  0.01470802771454523
  0.01514555096008226  0.01627209531453653  0.01918934242111060  0.01980048314801531
  0.02042689673942121  0.02449077372006656  0.03846439949488422  1.00000000000000000
 -0.00245095161634680  0.00903779922748378  0.01858850615911695  0.02785702805215336
  0.03722212607635623  0.04681364060888659  0.05607043452337943  0.06532581987433969
  0.07446828907449429  0.08384443151525225  0.09333392544302965  0.10281038489015105
  0.11206675511444447  0.12130519884376001  0.13092669030940879  0.14101244722394191
  0.15156729043978015  0.16228430784143744  0.17283379306143393  0.18319118681842461
  0.19337382965992578  0.20366666030619079  0.21385210120683235  0.22389786079317930
  0.23396268847220036  0.24406281150065046  0.25434281562877104  0.26494234289459956
  0.27590497951324272  0.28706319651889223  0.29850965764812715  0.30967379324983257
  0.32058635701654420  0.33135901053016875  0.34251430834016539  0.35368076914406599
  0.36458599486352866  0.37572653987777871  0.38688478323044145  0.39851582436000038
  0.41022658498064957  0.42201916295116615  0.43348245253122603  0.44490088252954985
  0.45606183016667873  0.46746044388995805  0.47893068745069084  0.49104217895845814
  0.50299053577902031  0.51461213203699063  0.52606352430729242  0.53692346769757837
  0.54711978196085509  0.55688481011733926  0.56664151604775126  0.57723785545396178
  0.58867343532539984  0.60005433879651748  0.61117579629351615  0.62222470755668646
  0.63258204887480085  0.64331799824576952  0.65423397559727603  0.66600702460475592
  0.67778275177488734  0.68957213735399858  0.70103435552622351  0.71212920473020691
  0.72260156838359524  0.73291084976715215  0.74306511011320509  0.75371618097973225
  0.76417561471413942  0.77451127868885827  0.78469264474508937  0.79515914720000080
  0.80585684900308274  0.81664375650561261  0.82731608516635369  0.83801618971261371
  0.84846372182419993  0.85886315300377802  0.86884999673326013  0.87853034239485472
  0.88824676245576684  0.89834889157799913  0.90870894296205107  0.91892609005973724
  0.92906780868752159  0.93907656892047320  0.94900204961740109  0.95875432931861260
  0.96896304622038554  0.97917799372853731  0.98956492611072633  1.00000000000000000
  0.69587079520710615  0.70259812543517430  0.70651906015772381  0.71039635594316608
  0.71349785778519625  0.71635817540853819  0.71926590044020355  0.72231584483850364
  0.72533820759354128  0.72834046061224522  0.73137554992497578  0.73441821165812993
  0.73740750412243838  0.74036826404426481  0.74333971063364612  0.74647340294270759
  0.74963875295693094  0.75280701062117950  0.75603209768927127  0.75926620737288963
  0.76214492475258333  0.76510612223810359  0.76798381692306983  0.77080709890238519
  0.77349077971561786  0.77623304122852210  0.77903991607785106  0.78197028818115100
  0.78482985100299218  0.78765367323414803  0.79047700695873757  0.79333864916038466
  0.79619563255107262  0.79899781382157964  0.80179450945902808  0.80460659829459846
  0.80743117685560395  0.81023879908941299  0.81305857641711832  0.81592049322003679
  0.81883081937094926  0.82176971557135392  0.82469253792776531  0.82761410441654548
  0.83054181795892201  0.83348784273766130  0.83646106675431564  0.83942327423726604
  0.84237533803492037  0.84531717159197428  0.84826778054518481  0.85125824662280236
  0.85427657278842040  0.85729714517448707  0.86028403868324521  0.86324620122100515
  0.86622427168174243  0.86926390885376947  0.87233194933037606  0.87542549029686312
  0.87856612344037011  0.88165559970997975  0.88477051737739576  0.88788115906289145
  0.89102268025766052  0.89412735523377618  0.89722109880513135  0.90031010336307160
  0.90333819688339811  0.90631431278297425  0.90934758700471430  0.91245270160657177
  0.91563756597469814  0.91885691329962194  0.92209835562425868  0.92536519052281163
  0.92865072049856645  0.93190110897653466  0.93511282070611024  0.93826494126248550
  0.94128353127503273  0.94422094853793248  0.94708520191976531  0.94989444211643592
  0.95277126186134697  0.95571838328222158  0.95893626286330225  0.96233336562915817
  0.96575425355239897  0.96925454782293785  0.97292277648984815  0.97692789715790362
  0.98142883829096650  0.98652630499194849  0.99257843744610463  1.00000000000000000
  0.00846658953102499  0.12253164089819976  0.14512761327618268  0.15846986651490638
  0.17001212064391269  0.18286373429967528  0.19580013970258639  0.20659957288991682
  0.21661818208533540  0.22630354104513978  0.23564764835972457  0.24462727044859553
  0.25302506145212100  0.26155919646271603  0.27006886161250909  0.27800853786144331
  0.28531929051791605  0.29230400187191607  0.29931709072286444  0.30657309830858481
  0.31381755527614330  0.32084038782842278  0.32774498447424788  0.33475463599420835
  0.34194552343594342  0.34910923179070436  0.35591838514732682  0.36225057347452599
  0.36830282380026597  0.37434064295432024  0.38040056949494300  0.38665112446253935
  0.39297134476463780  0.39929983048670120  0.40538410780789391  0.41135904610983332
  0.41722973167493149  0.42281621699540278  0.42828496438031621  0.43372221357360763
  0.43922973782319336  0.44497496279175436  0.45080061096251833  0.45667540122626354
  0.46251508538230979  0.46798915202353947  0.47354280870621795  0.47928294420108591
  0.48521104616512795  0.49108259935731324  0.49678451290821590  0.50235008580941665
  0.50783288044118957  0.51328429894074312  0.51882761788404186  0.52450434248257272
  0.53040399958126438  0.53647351427713708  0.54238996936875017  0.54823120576080642
  0.55404862805031019  0.55979218582705592  0.56551064014606645  0.57134415609077538
  0.57732612827935526  0.58344626258520438  0.58962988478908807  0.59571461598691444
  0.60186436962203449  0.60816712891960856  0.61455783037348233  0.62110454489497480
  0.62771313596348299  0.63442367417244871  0.64125151443134054  0.64820877790484044
  0.65537577866962970  0.66264519768405461  0.67009508930546535  0.67793480568257847
  0.68622403107418017  0.69513324205552773  0.70404936836209775  0.71238320582279768
  0.72082910779053466  0.72986582365233266  0.74028320650502744  0.75086913677342437
  0.76265280990306850  0.77589163713889042  0.79061268302009269  0.80552760715409799
  0.82241982551576875  0.84488910337577960  0.88232207739547797  1.00000000000000000
   2.8738342944256115E-004  -1.0000000000000000     
 F F F F F F F F F F F F F F F F F F F F F F F F F F F F F F F F F F F F F F F F F F F F F F F F F F F F F F F F F F F F F F F F F F F F F F F F F F F F F F F F F F F F F F F F F F F F F F F F F F F F F F F F F F F F F F F F F F F F F F F F F F F F F F F F
  <DiscreteSampler_grid>
  grouped_processes
  1 # 1 for a reference and 2 for a running grid.
  10 # Attribute 'min_bin_probing_points' of the grid.
  1 # Attribute 'grid_mode' of the grid. 1=='default',2=='initialization'
  0.0000000000000000 # Attribute 'small_contrib_threshold' of the grid.
  0.5000000000000000 # Attribute 'damping_power' of the grid.
 # binID   n_entries weight   weight_sqr   abs_weight
    13   10   3.943711645866268E+002   8.793612364348505E+005   3.943711645866268E+002
    16   10   5.055984100498416E+002   1.467954181592514E+006   5.055984100498416E+002
    22   10   6.202492678425948E+002   2.659942842869690E+006   6.202492678425948E+002
    25   10   7.948768114200719E+002   4.321308517149565E+006   7.948768114200719E+002
  </DiscreteSampler_grid>
