  0.00000242092094084  0.00000251431940456  0.00000265319524814  0.00000279443224164
  0.00000294866744279  0.00000309419848626  0.00000324378616979  0.00000340589272518
  0.00000357627601689  0.00000375270718844  0.00000393540580438  0.00000411969935769
  0.00000430362637881  0.00000451029016390  0.00000471924503167  0.00000493415817620
  0.00000516432004331  0.00000541102268152  0.00000566417907373  0.00000592665367348
  0.00000620546906505  0.00000648449838150  0.00000677477179252  0.00000708874160808
  0.00000740785943528  0.00000773838935928  0.00000808622700001  0.00000846733026372
  0.00000885164348586  0.00000926417110237  0.00000970847540261  0.00001017311660806
  0.00001066541661876  0.00001119360413406  0.00001175223782413  0.00001233944280264
  0.00001298006785203  0.00001367884715685  0.00001438184224238  0.00001516055708382
  0.00001595119510999  0.00001681165128140  0.00001776687406505  0.00001881827895578
  0.00001996591264915  0.00002119379574117  0.00002250514827111  0.00002393301037704
  0.00002546504699599  0.00002705936499888  0.00002869558961412  0.00003038957116382
  0.00003223645037029  0.00003419932077707  0.00003635401939936  0.00003873072423272
  0.00004130672946682  0.00004413612170675  0.00004714212651787  0.00005053528601480
  0.00005434798140714  0.00005888765019190  0.00006406763381751  0.00006968144523511
  0.00007586655122179  0.00008260956454625  0.00008940770885624  0.00009628596806350
  0.00010364556392894  0.00011210966810382  0.00012156957109212  0.00013208913059515
  0.00014555872930917  0.00016039772444278  0.00017695858906257  0.00019520588957970
  0.00021783890745368  0.00024566624017851  0.00027491540499715  0.00030713077574474
  0.00034179259711230  0.00038187325884006  0.00042274110589243  0.00047421613137724
  0.00054098501399111  0.00063914662351748  0.00075425694879453  0.00086582044678115
  0.00099634357434765  0.00120928389224696  0.00157344807951096  0.00189352282753299
  0.00228026597509984  0.00287920622680419  0.05915202030116264  1.00000000000000000
  0.00000015495244182  0.00000018846772890  0.00000021030670730  0.00000022808168303
  0.00000024476894583  0.00000026331652867  0.00000028429133636  0.00000030722123314
  0.00000033166095886  0.00000035743870975  0.00000038641832596  0.00000041783171118
  0.00000045137558959  0.00000048594648338  0.00000052224593217  0.00000056219726714
  0.00000060444938454  0.00000064778667331  0.00000069232210497  0.00000073853989275
  0.00000078985017475  0.00000084491800121  0.00000090231692494  0.00000096623905665
  0.00000103379908414  0.00000110587190231  0.00000118692516271  0.00000127385254541
  0.00000136220602252  0.00000146062492102  0.00000156491056192  0.00000168355373734
  0.00000181338768147  0.00000194869007341  0.00000209619587274  0.00000225082815657
  0.00000242123462383  0.00000262077643096  0.00000282073909920  0.00000306036620040
  0.00000331826380193  0.00000361298774123  0.00000393589092846  0.00000429722426898
  0.00000470153496778  0.00000516201033944  0.00000566098023558  0.00000623639065649
  0.00000686255557376  0.00000756185786902  0.00000834495585468  0.00000922491379199
  0.00001023695311968  0.00001137959834395  0.00001263836723846  0.00001402158329111
  0.00001552573257107  0.00001715969211086  0.00001897488054322  0.00002099882785333
  0.00002331142138534  0.00002601659568218  0.00002924945725884  0.00003293643796598
  0.00003693402600739  0.00004116286471015  0.00004552806784512  0.00005036453362103
  0.00005581811074924  0.00006225015327809  0.00006987285239371  0.00007873315958409
  0.00008958780482583  0.00010217087805574  0.00011550182270245  0.00013022296679504
  0.00014653319290808  0.00016444427401821  0.00018546283612385  0.00020982130461427
  0.00024324824507303  0.00028400470874192  0.00032724000577657  0.00037504314976049
  0.00043286264555150  0.00050396175071999  0.00060643749803336  0.00073260049673949
  0.00090934748554648  0.00112330628261171  0.00141019174586208  0.00192002541288349
  0.00297175818628230  0.00646422557816064  0.04350163954585954  1.00000000000000000
  0.00000124964390051  0.00000169305799760  0.00000200768984209  0.00000229936048075
  0.00000261858387484  0.00000293291187348  0.00000323823279907  0.00000354974304921
  0.00000389022515105  0.00000432478642389  0.00000472441113303  0.00000512059834120
  0.00000555139749020  0.00000603127088012  0.00000658681206105  0.00000720570838014
  0.00000788195968926  0.00000863101643305  0.00000943876612657  0.00001030742442640
  0.00001122040016782  0.00001216425157185  0.00001317012241266  0.00001425813115690
  0.00001549548103015  0.00001684742936848  0.00001831329291970  0.00001987843683492
  0.00002157555878457  0.00002334876735656  0.00002521028022692  0.00002719083145250
  0.00002938708920200  0.00003173594684849  0.00003425025803392  0.00003695561234334
  0.00003995664983283  0.00004317424243842  0.00004660274742952  0.00005010028128644
  0.00005387546371205  0.00005801285569298  0.00006235259332889  0.00006721609554089
  0.00007232736256864  0.00007789541127032  0.00008381662035691  0.00008968097893472
  0.00009623740613542  0.00010294764308490  0.00011095973483197  0.00011955675262043
  0.00012899278494058  0.00013924336482751  0.00015044623975825  0.00016285446320450
  0.00017642662932542  0.00019062542484748  0.00020542980146032  0.00022166721318601
  0.00024013703193136  0.00026119878120242  0.00028204449608398  0.00030329603927536
  0.00032451666529432  0.00034743418406532  0.00037169926078897  0.00039834252573580
  0.00042494806060851  0.00045467523319100  0.00049096872863942  0.00053176132157596
  0.00057350414255667  0.00061723614610619  0.00066600058608166  0.00071815096345896
  0.00077256708896372  0.00082946280864989  0.00090630820929656  0.00099324334429072
  0.00109706687033967  0.00121290485481903  0.00133501198617272  0.00148469859968977
  0.00165001227768247  0.00182792149632428  0.00205136782559705  0.00231656337466368
  0.00267203693414824  0.00323380293123751  0.00412595140475426  0.00508463912779348
  0.00596537032766020  0.00688851428665535  0.01756706759145434  1.00000000000000000
 -0.00215754204865054  0.00712722016441079  0.01539873709071640  0.02374238851622217
  0.03227913543179675  0.04060243538088583  0.04856995369824384  0.05648269927584817
  0.06488451519187448  0.07364610785814879  0.08289928134396279  0.09263161799671184
  0.10252216285385611  0.11226054849290108  0.12167258568994319  0.13098570269653473
  0.14063290626395877  0.15087032728034108  0.16139964555957198  0.17190492105026925
  0.18239577884135735  0.19293742594288987  0.20361323866250453  0.21474690426224341
  0.22629724015290148  0.23807411481012308  0.24870738530637473  0.25782933627684579
  0.26639472973912748  0.27520980949853147  0.28520243655072663  0.29556539581094265
  0.30617773637419604  0.31706886747469959  0.32857377934402621  0.33944821549573634
  0.35011774212809305  0.36111961751228155  0.37189047683605664  0.38206270747746335
  0.39179833254976681  0.40161053022733706  0.41136659901361250  0.42113383097549789
  0.43079043650480259  0.44079874637131805  0.45132172678046301  0.46215845179852250
  0.47263888677593047  0.48298380298352717  0.49329091805900521  0.50379172563494024
  0.51423065362691034  0.52479714392215948  0.53569677691491258  0.54700195630434534
  0.55827048470208396  0.56900786967699257  0.57959363484127768  0.59060576930772901
  0.60196982746767680  0.61355823044306912  0.62486787916662745  0.63636524062907951
  0.64752935421682112  0.65885139318588326  0.67034039790746125  0.68198522270315165
  0.69313836033839216  0.70412320041725074  0.71527365243080165  0.72661153890058716
  0.73814594153800062  0.74951887834731390  0.76062602182540662  0.77177812481893437
  0.78356600660330533  0.79541479346163091  0.80667372790806924  0.81757976696426904
  0.82879334752569545  0.84051306740135612  0.85291122448939904  0.86480231461155577
  0.87652709605499091  0.88756661255691260  0.89932278119258502  0.91191976976467481
  0.92435671092355343  0.93632450226904895  0.94750213496094426  0.95813059471339412
  0.96760910561911462  0.97791236865467601  0.98845502624494785  1.00000000000000000
 -0.00268399364356533  0.01066397195600361  0.02128360666383848  0.03248854699536419
  0.04360684832630891  0.05505256448068972  0.06573380753254073  0.07598679122065634
  0.08589992491433755  0.09618483413486781  0.10625971263579378  0.11699628244299340
  0.12776450817225951  0.13949989060393586  0.15064584595797342  0.16116474317005927
  0.17163951652398762  0.18193207846627560  0.19216927472469503  0.20207228047721396
  0.21210835835424366  0.22214644875994952  0.23222182935402422  0.24233035554458512
  0.25255932286535998  0.26285961059902824  0.27315419074291503  0.28250222442761802
  0.29210224162241599  0.30133749311644942  0.31062389440803639  0.32009402800428466
  0.32989787876027221  0.33999031605038615  0.35017927934912768  0.36037660077002570
  0.37003362642744314  0.37933452510532661  0.38861918314313110  0.39885140282269893
  0.40980477396760184  0.42099763942557134  0.43212185075832427  0.44327146322306421
  0.45379860182619558  0.46388700168602404  0.47376918319977013  0.48409504529060304
  0.49484032143961282  0.50587763168032807  0.51708896118969339  0.52850718373644767
  0.53995938298035917  0.55084430746350022  0.56115356580217735  0.57124404545800500
  0.58161388571908523  0.59232701519341746  0.60299887211971248  0.61387492887458761
  0.62459430590690324  0.63531002283702587  0.64613981018719369  0.65741553028925792
  0.66893236701801406  0.68043112817378837  0.69156045402864752  0.70253496018787387
  0.71323531184538846  0.72416932263104450  0.73535373590472597  0.74694002266945092
  0.75807711260901522  0.76921642767804987  0.78059307821955382  0.79221843426218841
  0.80419448988211339  0.81583595318479973  0.82748206274271041  0.83854857432096641
  0.84918259260254070  0.85909424358309927  0.86906348769566444  0.87895774536783244
  0.88896229746592714  0.89890242109424012  0.90863185030378124  0.91812249185135086
  0.92757876613938361  0.93793260009994028  0.94900125245362499  0.95984825246752359
  0.97007511341063279  0.98026833704641247  0.99020242971242556  1.00000000000000000
 -0.00187024558255019  0.00801974681568089  0.01639327083634101  0.02558556980628079
  0.03480043440751690  0.04414759344305710  0.05295133930306711  0.06168522418144919
  0.07113769829715259  0.08092421128286449  0.09062625196679423  0.10032920138826448
  0.11016573439991957  0.12016301074041087  0.13018925862036490  0.14027548025815481
  0.15070847155462669  0.16149932149807494  0.17301064438285174  0.18482364335298501
  0.19628743638574980  0.20730214186889873  0.21832028747449830  0.22931568195019261
  0.24014274802006752  0.25067686892412605  0.26111521824883027  0.27183352431409807
  0.28272763422924801  0.29372879381609796  0.30480767937739900  0.31591457732477685
  0.32744381022354324  0.33910389802440893  0.35072520145891528  0.36172144023173886
  0.37223782168712494  0.38268562522118754  0.39313701557807423  0.40428842164465933
  0.41536465876364703  0.42664653860394380  0.43760837778983291  0.44941399564900159
  0.46153896489015456  0.47355860515682613  0.48546223716260045  0.49713482313333701
  0.50809194071440478  0.51915346746687419  0.53070822201584722  0.54275443569095427
  0.55434464378771242  0.56599983473081839  0.57767912038307090  0.58924341061419305
  0.60038081847947877  0.61117539896712481  0.62219009887063359  0.63309441160278712
  0.64444331231898722  0.65553330280428301  0.66682025529903222  0.67744978938474953
  0.68831936251074965  0.69930138500196470  0.70955701456541709  0.71978134702785357
  0.72991146577268062  0.74094271911762788  0.75190031278434555  0.76315234775268459
  0.77416486440460797  0.78489868825073217  0.79618828562778421  0.80725853787666313
  0.81767325223659360  0.82784313119117003  0.83779490162341941  0.84791123263107759
  0.85755391552265958  0.86719383404950257  0.87708269318741938  0.88726014363024530
  0.89731564106805595  0.90694225530905770  0.91639880289807152  0.92525121590277271
  0.93401999950348169  0.94297598324918663  0.95259694264723016  0.96233931525097172
  0.97220390032206949  0.98158717115795435  0.99101890464375231  1.00000000000000000
 -0.00241735942115163  0.01084305325652494  0.02259748487091419  0.03348674754623739
  0.04382526737519203  0.05366352118923155  0.06358880680269634  0.07471504677712537
  0.08562360816422264  0.09655807854325038  0.10722499313170861  0.11764632181743151
  0.12747765897203708  0.13667653543382305  0.14643109656837575  0.15681762874816679
  0.16694769243608718  0.17646187328786006  0.18605490008629214  0.19677330050599887
  0.20856968317183400  0.22049541204650747  0.23225021257585632  0.24361772606551935
  0.25425304865457232  0.26442358035942937  0.27448556112413625  0.28461070775997560
  0.29488480509973081  0.30534192192690612  0.31610536523794347  0.32727182631720259
  0.33858271997344969  0.34985188624732622  0.36098440004311166  0.37178878656270409
  0.38260984973436762  0.39324483247374148  0.40349748168887611  0.41332338168971205
  0.42300435375738438  0.43293131509871319  0.44269445776534477  0.45204545644217825
  0.46121506731042000  0.47065879598084082  0.48037880437108582  0.49026506950819260
  0.50009610036733543  0.51082860896204074  0.52202246555525866  0.53369324428665466
  0.54514967755815780  0.55643213171767858  0.56739316647926619  0.57816853326559869
  0.58898877355454027  0.60033722459272010  0.61147566745358917  0.62205767373829024
  0.63295424316362514  0.64389977174938717  0.65550523664387517  0.66666482515178649
  0.67799840869993311  0.68935691962472190  0.70119416041849603  0.71207799291766216
  0.72254192504278036  0.73271479866188072  0.74292665433101135  0.75318674123773799
  0.76328043059921480  0.77336163158499160  0.78316739709333560  0.79311364695309050
  0.80294650094963604  0.81349484847883335  0.82394602037816589  0.83446540174107064
  0.84565321333103161  0.85718704086598230  0.86895115802699929  0.88022406140985321
  0.89057771481120329  0.90065498294625546  0.91029837263315239  0.92002019053803497
  0.92964494363677808  0.93934171737522421  0.94931957727543903  0.95923951429298249
  0.96904775283665490  0.97918758814351847  0.98963960990192557  1.00000000000000000
 -0.00248781137848429  0.00938890387573661  0.01961786732776268  0.02944755111212737
  0.03903836168812450  0.04878268647060648  0.05901952558377392  0.06906564861703414
  0.07910720586230315  0.08926179115158740  0.09992078078696964  0.11096116832446752
  0.12184442269456525  0.13232984982329210  0.14290731565042011  0.15415736566650867
  0.16589554477984339  0.17751154146794565  0.18838438318445341  0.19903672177608306
  0.20943598121501864  0.21997714432484797  0.23043147642029083  0.24051793063758806
  0.25062397152365773  0.26107930743422586  0.27201304073493759  0.28334873326408744
  0.29451496292569590  0.30545284761607228  0.31587415377217398  0.32560455979159852
  0.33555857915338894  0.34516683153318145  0.35467338654905944  0.36431873756664179
  0.37425855603407410  0.38482106234619751  0.39559707029385449  0.40673349828243954
  0.41796258531032060  0.42893418543410472  0.43981296165383821  0.45031749132022880
  0.46086823414089606  0.47098563894780687  0.48076961443891375  0.49045733126923019
  0.50049809135098267  0.51149793575456726  0.52306338982649603  0.53442470468544334
  0.54576313437437329  0.55699285829602674  0.56821419479616819  0.57927981737817180
  0.59004375647068874  0.60050271171808778  0.61106154485203934  0.62168166800794478
  0.63207586964916773  0.64231117719016884  0.65312734688447693  0.66423286519678182
  0.67481551953231278  0.68500405921930552  0.69561446552308492  0.70669955821411257
  0.71779580285609446  0.72869222596541439  0.73956344010052522  0.75028409134214746
  0.76076118923681246  0.77102027996805333  0.78094587877412658  0.79112423784799424
  0.80110323480968226  0.81070337514670265  0.82009922674536850  0.82974738531508796
  0.84035397854271066  0.85084170708136764  0.86106851032005116  0.87015856068865072
  0.87980412018574050  0.88955067576087077  0.90005597459182163  0.91125423575361497
  0.92241408767896271  0.93367781589167520  0.94463044350686243  0.95604370035316744
  0.96701460636175873  0.97836425962505769  0.98920949975833472  1.00000000000000000
  0.30721380357665334  0.39438056132522220  0.41374485014842166  0.42888084390124598
  0.43865103004898420  0.44732781367278490  0.45495616947431344  0.46263917018015288
  0.46999494665430197  0.47677102935193355  0.48358320652008407  0.49093108807522390
  0.49863254290562359  0.50602622129522368  0.51301274645448225  0.51976372431726614
  0.52648578565039994  0.53315836763123681  0.53976238986569103  0.54675915404021902
  0.55453874574201878  0.56254384785729095  0.56913582703484089  0.57548643991160753
  0.58208029063089861  0.58876294095372894  0.59520290780863372  0.60151074571027408
  0.60759938340772390  0.61370948222932642  0.61952813519842975  0.62517122027945571
  0.63105955837448147  0.63703501237495841  0.64328423749354757  0.64964728861776222
  0.65581299083888522  0.66190958017833157  0.66785352235997197  0.67393781248506257
  0.68037455783728906  0.68687665976461687  0.69317856289911017  0.69937301236915617
  0.70528482682771210  0.71074050195895089  0.71627976003800475  0.72170958012115594
  0.72734749314119918  0.73336007879703813  0.73931839893721063  0.74531199091944833
  0.75145842679061414  0.75746687874747898  0.76330099581223210  0.76915633327532562
  0.77493663692180381  0.78053632031892228  0.78601222891696387  0.79133932498784543
  0.79687912875437072  0.80256391541446337  0.80820860511947890  0.81355763472205667
  0.81879091960737482  0.82395461608534504  0.82911590445016070  0.83429600486259758
  0.83949988609770909  0.84471971590559769  0.84989514345564598  0.85521400694439265
  0.86069639175549051  0.86615359869919339  0.87155336847974585  0.87688759962995932
  0.88240738153781972  0.88806179912243044  0.89375479078578091  0.89934065140534314
  0.90482592861657762  0.91020612821949032  0.91564770077783897  0.92121450896023682
  0.92693188065990917  0.93273000771226977  0.93858517110221806  0.94447170872163000
  0.95034860942446242  0.95632838887262750  0.96263068594029522  0.96912890510644289
  0.97566163169836562  0.98286379597451612  0.99106918560801827  1.00000000000000000
  0.10562553689400737  0.12083157121531146  0.13355101813415385  0.14328928522107143
  0.15012790364505751  0.15535825352563701  0.16068056073136830  0.16639321287315395
  0.17272113187585603  0.17807296535258541  0.18263403298954695  0.18713545197379819
  0.19196519939962797  0.19722694948736294  0.20253614048152319  0.20780077885465523
  0.21351363253857072  0.21915013907897837  0.22505443064470734  0.23043190211074591
  0.23551026703445885  0.24052270421789382  0.24571545293339503  0.25108251662636222
  0.25642877711119999  0.26180539820608711  0.26724395874283069  0.27250326255437179
  0.27766653603509450  0.28257856753467553  0.28763538461582733  0.29297639849254492
  0.29864527871239072  0.30450231599645611  0.31036709505231108  0.31621176527717954
  0.32219887717146056  0.32799899455625620  0.33370196817043307  0.33959052912642224
  0.34567549760526656  0.35204998016248801  0.35827405715563537  0.36434010968339831
  0.37021453241819885  0.37622566763655768  0.38235018586464253  0.38866105624405650
  0.39510402641984849  0.40142965526865387  0.40737480017507849  0.41308194796525843
  0.41876110814252127  0.42468447727014269  0.43111727876454942  0.43783905373500687
  0.44436209734222493  0.45073872986377705  0.45699494817831032  0.46349957032047151
  0.46996703452630362  0.47657134513686639  0.48354042156009830  0.49066080930395312
  0.49758579980918077  0.50458409873030208  0.51186862012820944  0.51948271736340135
  0.52754213042249165  0.53577539716258982  0.54389835532063835  0.55237170671633451
  0.56085341723303295  0.56969546310704910  0.57807608310264802  0.58681846056178133
  0.59592340161471280  0.60535772733125592  0.61451851894097098  0.62345819082213938
  0.63302918356226479  0.64340043453738072  0.65480712738112257  0.66684013518851437
  0.67941475366823556  0.69223317121759254  0.70551904574720414  0.71959512316568364
  0.73508694382743633  0.75189677752897555  0.77078213699229092  0.79204847017457469
  0.81628258969120071  0.84450863611211890  0.88481225450292778  1.00000000000000000
   6.1201494381142130E-005  -1.0000000000000000     
 F F F F F F F F F F F F F F F F F F F F F F F F F F F F F F F F F F F F F F F F F F F F F F F F F F F F F F F F F F F F F F F F F F F F F F F F F F F F F F F F F F F F F F F F F F F F F F F F F F F F F F F F F F F F F F F F F F F F F F F F F F F F F F F F F F F F F F F F F F F F F F F F F F F F F F F F F F F F F F F F F F F F F F F F F F F F F F F F F F F F F F F F F F F F F F F F F F F F F F F F F F F F F F F F F F F F F F F F F F F F F F F F F F F F F F F F F F F F F F F F F F F F F F F F F F F F F F F F
  <DiscreteSampler_grid>
  grouped_processes
  1 # 1 for a reference and 2 for a running grid.
  10 # Attribute 'min_bin_probing_points' of the grid.
  1 # Attribute 'grid_mode' of the grid. 1=='default',2=='initialization'
  0.0000000000000000 # Attribute 'small_contrib_threshold' of the grid.
  0.5000000000000000 # Attribute 'damping_power' of the grid.
 # binID   n_entries weight   weight_sqr   abs_weight
    19   10   5.649278958860550E+001   2.250141739289461E+004   5.649278958860550E+001
    20   10   5.649278958860542E+001   2.250141739289452E+004   5.649278958860542E+001
    22   10   1.366051485740702E+001   1.328984349196665E+003   1.366051485740702E+001
    23   10   1.366051485740700E+001   1.328984349196661E+003   1.366051485740700E+001
    25   10   5.882006169552845E+001   2.393414814623543E+004   5.882006169552845E+001
    26   10   5.882006169552839E+001   2.393414814623536E+004   5.882006169552839E+001
    28   10   1.478265229442638E+001   1.503985994672610E+003   1.478265229442638E+001
    29   10   1.478265229442637E+001   1.503985994672607E+003   1.478265229442637E+001
  </DiscreteSampler_grid>
