 -0.00294767735179479  0.01368987057870625  0.02636127728278441  0.03899311098925290
  0.05101296907442844  0.06274886696821867  0.07403805124609106  0.08518792131771639
  0.09609352301630494  0.10663497924076601  0.11675840479675839  0.12678303961127524
  0.13685755210407219  0.14742779140820933  0.15828361386062001  0.16894036158693809
  0.17945165743988026  0.18991152586860111  0.20089421715764388  0.21211766210407704
  0.22339575540873574  0.23449792895332874  0.24540480542831042  0.25617396939933379
  0.26670983684065996  0.27705331017981710  0.28747546056015538  0.29802469367956530
  0.30879094275016034  0.31959206076768532  0.33049449035172118  0.34160071302942280
  0.35165924298189305  0.36093846596027895  0.36999380671697252  0.37933435831218282
  0.39000987794857395  0.40067447334208278  0.41092358089658554  0.42109794892354535
  0.43163796369802632  0.44275384977199256  0.45434797111721387  0.46550100466585653
  0.47637899816220608  0.48712266696590789  0.49815763230476573  0.50925740160814359
  0.52024579492929068  0.53100950549673664  0.54174776596368057  0.55271857791108647
  0.56395565567565031  0.57538182265796856  0.58669273891579732  0.59764492021366233
  0.60833381769507833  0.61891517315742084  0.62938533886907722  0.63976394309663309
  0.65039813529985357  0.66155151207976592  0.67296896204219747  0.68420492768229935
  0.69506444957538882  0.70552571097849959  0.71576034884560025  0.72607809000478141
  0.73657310599171366  0.74718484902142424  0.75791732720108085  0.76872330390605259
  0.77948873402979446  0.79000415838468818  0.80002761263604771  0.81001773858518600
  0.82017316209224378  0.83059040784806859  0.84108148688700668  0.85145919837995521
  0.86157230887944636  0.87142338841178102  0.88098989745462708  0.89062492576448737
  0.90063224746922177  0.91111611036550766  0.92170768485472743  0.93186869021072194
  0.94161736298726828  0.95107272977022739  0.96039490071184641  0.96937783015669343
  0.97773295834528129  0.98544367369237984  0.99274007105971629  1.00000000000000000
  0.00000293539017438  0.00000322594711032  0.00000351275176626  0.00000362002998711
  0.00000370819830008  0.00000386193031484  0.00000403506245083  0.00000421489764793
  0.00000442790848552  0.00000466269377373  0.00000490711497164  0.00000517838533246
  0.00000547168378580  0.00000578410512586  0.00000612281236858  0.00000648046348836
  0.00000683911910177  0.00000720155063876  0.00000757319573287  0.00000794921591987
  0.00000840336926855  0.00000886979769037  0.00000938156002854  0.00000993257128724
  0.00001050041089354  0.00001110473177046  0.00001173932725275  0.00001241500943090
  0.00001315226662621  0.00001391787696521  0.00001473148616619  0.00001560359526671
  0.00001652506404648  0.00001749965741397  0.00001851393726170  0.00001956766138908
  0.00002072861855757  0.00002196847455856  0.00002338312565333  0.00002492009006647
  0.00002653664193345  0.00002832788217264  0.00003026272626520  0.00003240973642527
  0.00003462918876147  0.00003701685726230  0.00003955851852587  0.00004239493732359
  0.00004556519748597  0.00004897945785354  0.00005250828324589  0.00005621803831013
  0.00006017569112682  0.00006442410822412  0.00006905101817167  0.00007409831039424
  0.00007970652689155  0.00008584472361889  0.00009248950024325  0.00009974344714516
  0.00010770328398561  0.00011645730968592  0.00012639955183750  0.00013735432621208
  0.00014900509491602  0.00016028753536948  0.00017368425878128  0.00018759490899067
  0.00020218377767928  0.00021738540500671  0.00023424194609799  0.00025394811127268
  0.00027526351183764  0.00029936653341620  0.00032654722958050  0.00035712960378856
  0.00038961470573480  0.00042042823198524  0.00045351070303086  0.00049129478798702
  0.00054116466005619  0.00060655193802006  0.00068654282855644  0.00078979779153503
  0.00092282725640797  0.00107613887579999  0.00123171387387339  0.00146163704597312
  0.00174803242429440  0.00219636309506954  0.00293276111231176  0.00404734215866209
  0.00565768889256289  0.01017568757336444  0.04006623178798918  1.00000000000000000
  0.00000346777418816  0.00000406026790287  0.00000454072581653  0.00000490601918169
  0.00000521795505214  0.00000551163287973  0.00000583880830103  0.00000621062579292
  0.00000657490493596  0.00000699579629681  0.00000742895784791  0.00000796577560397
  0.00000854104404068  0.00000917344303013  0.00000986560687348  0.00001057144798674
  0.00001129440453171  0.00001204158335749  0.00001284683146005  0.00001371805209428
  0.00001463426895355  0.00001560788465492  0.00001664799227402  0.00001778353881588
  0.00001904162010862  0.00002038788722565  0.00002187741955918  0.00002340854266711
  0.00002510642880457  0.00002689724821917  0.00002896282883873  0.00003123673974913
  0.00003373989840125  0.00003644328174360  0.00003928002636786  0.00004231499329753
  0.00004564435167303  0.00004938157599126  0.00005347591149089  0.00005789192023516
  0.00006264172940940  0.00006783424373939  0.00007328546010390  0.00007924120238751
  0.00008544171941733  0.00009219199814187  0.00009926005836380  0.00010711703309830
  0.00011586933593893  0.00012548940073575  0.00013597432136848  0.00014708871732396
  0.00015918832909683  0.00017198541084188  0.00018529640954354  0.00019941769138377
  0.00021378505055885  0.00022914565821918  0.00024432398829608  0.00026024498287708
  0.00027717191205143  0.00029491878775225  0.00031560428036252  0.00033674398320515
  0.00035889780443198  0.00038287903475461  0.00041032763759454  0.00044078536133169
  0.00047285087207423  0.00050605662424967  0.00053926263337816  0.00057339543032212
  0.00061287066282336  0.00066416173285580  0.00072635326815365  0.00079062409688298
  0.00084954825034379  0.00090218962515467  0.00095585158152410  0.00101347631172543
  0.00107704022397165  0.00114187130351533  0.00120524030358929  0.00126597351702221
  0.00133301062141464  0.00143096209865377  0.00154045229546932  0.00172382636797310
  0.00198253176879218  0.00217083579113445  0.00235993948637722  0.00255493497095167
  0.00280700382508900  0.00321719644460772  0.01892129461767892  1.00000000000000000
 -0.00082029187039193  0.00951079910689955  0.01807977877642630  0.02718631766342090
  0.03654302466778990  0.04639936534300097  0.05640994717017479  0.06591911551997412
  0.07506091383412536  0.08444270489878113  0.09429665726938466  0.10482318216300766
  0.11604923699916393  0.12704297422054464  0.13761708903466111  0.14796746701590910
  0.15824824193673914  0.16848451802229214  0.17868693066564453  0.18919598782213221
  0.19957842438738921  0.20988816517101289  0.22022331727388350  0.23088095461140387
  0.24144622410381725  0.25155775907644229  0.26188310214533794  0.27238406155693123
  0.28300989403251919  0.29360975060937866  0.30448983755337067  0.31555010809856049
  0.32653922096376042  0.33743089786738589  0.34793261205576870  0.35804440798770881
  0.36794314058567373  0.37818082431123268  0.38897832358461087  0.40011385486090351
  0.41120081904981037  0.42259051331845116  0.43435197000170878  0.44601208359263689
  0.45743104477395879  0.46871602683207281  0.47985929699464663  0.49066542119625223
  0.50136830916078945  0.51241507218219995  0.52337355424586107  0.53423853444630554
  0.54515576876305349  0.55646048428656947  0.56748456815396098  0.57829904274293364
  0.58884484649428792  0.59980302060524859  0.61072373568809968  0.62198616360436387
  0.63314942336696589  0.64419046248461198  0.65494227194662502  0.66563285250218995
  0.67611444091336781  0.68689968202222551  0.69700360782111104  0.70686037883298991
  0.71647416189690760  0.72659261558338972  0.73710362324746581  0.74772586597589319
  0.75791270408112610  0.76813371693171772  0.77843872106195688  0.78947154858949464
  0.80067974685386889  0.81195303793763929  0.82331033126621156  0.83429829551364765
  0.84503133777222683  0.85536928187598016  0.86599179144049365  0.87649832818159801
  0.88718977581041547  0.89780990197431509  0.90796647872627667  0.91817162802355556
  0.92783869355747561  0.93758428763716739  0.94733860540514936  0.95757219951839712
  0.96789164351888379  0.97832911726651084  0.98900243434654345  1.00000000000000000
 -0.00256027921413257  0.00980130957148886  0.02017285221124334  0.03104379271694753
  0.04227186819525305  0.05350869922422029  0.06446563505587398  0.07518031332362286
  0.08580946480204721  0.09603168012028009  0.10607719830879056  0.11609343927276686
  0.12650091529710286  0.13714147269666782  0.14781678200910706  0.15824259033795285
  0.16857625976594084  0.17897414054734137  0.18935682837787832  0.20002637135884679
  0.21105082879077791  0.22240396358859124  0.23350014129606025  0.24431296061536364
  0.25488437547768644  0.26540981277715209  0.27624503779599957  0.28739828957793512
  0.29849521212157965  0.30945258212829585  0.32046087722834116  0.33161264283965819
  0.34271650877275311  0.35337463486198128  0.36338029251353560  0.37282392380250196
  0.38215116551139872  0.39187817050582463  0.40221340242526071  0.41281914097656863
  0.42296803961674556  0.43284705547942731  0.44270188084025019  0.45317618030371382
  0.46353604263539377  0.47402834510664643  0.48450076918955209  0.49511611649361609
  0.50566222547020045  0.51510991611732659  0.52459239041143968  0.53440429681994672
  0.54475148469017487  0.55526178904462242  0.56518086732019912  0.57465100811475844
  0.58416399901965277  0.59384137652886904  0.60407586037470251  0.61475357195732316
  0.62496602849499683  0.63463475222752175  0.64457589927597259  0.65521015093762902
  0.66636615522805620  0.67754198489424411  0.68840173767788049  0.69876924050595723
  0.70880835862453628  0.71852657175366785  0.72860253330124403  0.73861916662503790
  0.74830862486026595  0.75851865391706941  0.76925873470145523  0.78090113341285039
  0.79257640213188774  0.80395869019161170  0.81520227161351677  0.82607915776925434
  0.83700011430125409  0.84799118914716443  0.85939853675139033  0.87108425028773429
  0.88226059935494050  0.89273208163994744  0.90339878660304329  0.91416678043253186
  0.92516534105725889  0.93575658530679617  0.94634466232776981  0.95711667396077948
  0.96785536097841252  0.97876900834416602  0.98946795166610535  1.00000000000000000
 -0.00271975361798249  0.01023419745571858  0.02090152587440304  0.03129253005874885
  0.04159478948303413  0.05129355570441078  0.06098554333038853  0.07085545225213946
  0.08128568310310953  0.09184129834350976  0.10280190096462873  0.11381027698708947
  0.12473588205971425  0.13528243931094341  0.14533487279204263  0.15588082874419820
  0.16656551458293056  0.17732252274410568  0.18779366357114810  0.19801375127587353
  0.20864960397064278  0.21942030165080245  0.22962188401605516  0.23864032900453283
  0.24788067306117276  0.25738906765149422  0.26805815691293167  0.27885893693694824
  0.28952386954425485  0.30054393478340485  0.31189337897395175  0.32376553889915610
  0.33462812618311061  0.34493839880205063  0.35499967931890147  0.36543623902849809
  0.37614057093359637  0.38695929725872874  0.39756810814313615  0.40769377747041091
  0.41795906984809544  0.42828496988229769  0.43875626136704066  0.44879366879283350
  0.45913204832498267  0.46989937447542451  0.48060648052523369  0.49101524671678615
  0.50130998159200002  0.51155809208963510  0.52174881485760682  0.53166026235163166
  0.54193604845799570  0.55240454611292900  0.56335374064312360  0.57413316246445256
  0.58459518379876130  0.59481756824542587  0.60503009329683644  0.61551602162407526
  0.62615015652701778  0.63714033073326326  0.64822218472379700  0.65951979256768400
  0.67082515596754466  0.68224453099733617  0.69329650617527028  0.70423569872499592
  0.71491683561953889  0.72547558641037335  0.73583956014673801  0.74652554747083621
  0.75714639676989326  0.76816202579684345  0.77922539017791870  0.78999117846587785
  0.80019452887167686  0.81039584558605671  0.82116477246624486  0.83246596744806389
  0.84396249559859382  0.85538595656693928  0.86535282447184925  0.87539659295260142
  0.88502973883020730  0.89538692778730766  0.90492911867356463  0.91422511751270596
  0.92406604857645380  0.93456458280082044  0.94573803821000435  0.95666708115327259
  0.96786303748421920  0.97857294669757822  0.98952656167765185  1.00000000000000000
 -0.00002274315998587  0.00012505617190989  0.00023238272117780  0.00034408102619266
  0.00045629378974754  0.00052829508126553  0.00059486991030127  0.00064516313508194
  0.00069492676119085  0.00074441275555456  0.00079324488316696  0.00084127846477939
  0.00088897244987291  0.00093646618251886  0.00098371681869399  0.00103090174875654
  0.00108224197818255  0.00113399860920495  0.00118824120787092  0.00124215142552911
  0.00129384294902551  0.00134560421648915  0.00139787625225030  0.00145052755522198
  0.00150566593169686  0.00156279363585565  0.00162595902741438  0.00168544686452794
  0.00174187970758580  0.00179867631544285  0.00185574814241990  0.00191078709122370
  0.00196455058324933  0.00202481976962753  0.00209064496920774  0.00215271750176114
  0.00221409843388149  0.00227518916086270  0.00233628929173539  0.00239744756138813
  0.00246037564830058  0.00252789175686441  0.00260149064218935  0.00268022490508603
  0.00276538465493277  0.00284640483247787  0.00292525922729179  0.00300228822191977
  0.00307940167100808  0.00315658813238582  0.00324650397870213  0.00334314797510197
  0.00344141851317014  0.00352670200687903  0.00360127458694739  0.00367076457622588
  0.00375541664688268  0.00384443337764582  0.00396074936502677  0.00409327908461401
  0.00424917162813652  0.00439870707797348  0.00449334790992234  0.00458876728698748
  0.00468731559562915  0.00478062737874612  0.00486753689969675  0.00498078728091042
  0.00510819838038793  0.00523924658753511  0.00536559890132689  0.00548182724934734
  0.00560005930051683  0.00572326805699595  0.00586147340329591  0.00600153289539602
  0.00614306568900289  0.00633871591675907  0.00651149670711233  0.00669340713783402
  0.00719578425778011  0.00736244689694368  0.00748275562734551  0.00761749603149708
  0.00776662524660931  0.00792583757579105  0.00895446812449252  0.00925734495718068
  0.00947099253276470  0.00967667602193727  0.00994674161905300  0.01021677005159847
  0.01278423433247265  0.02732968192950386  0.02860163005149616  1.00000000000000000
 -0.00185018421019181  0.00828157932156091  0.01674887637108258  0.02490925102570727
  0.03294664861051183  0.04102979751177158  0.04893172217302882  0.05697273599720031
  0.06494966228931542  0.07286281273711613  0.08082452527399404  0.08906450921306425
  0.09767682859015397  0.10664058704870800  0.11580633787164241  0.12492900537853771
  0.13424771667822538  0.14376258254576529  0.15366528507460520  0.16355693173905836
  0.17354627748719836  0.18358774677914905  0.19336974944992638  0.20320003793631916
  0.21302954493928325  0.22319373591206570  0.23362989324440500  0.24408712650922587
  0.25449880078562503  0.26471031828201547  0.27498961494186824  0.28531797796599778
  0.29606375799734963  0.30727670694212145  0.31914494935767868  0.33127727486794989
  0.34378740965379295  0.35686104802317037  0.36815193461496321  0.37931746021126750
  0.39090666255314743  0.40465091328065617  0.41802417936803077  0.43020432878676701
  0.44285969948616977  0.45616662578937983  0.47016631268525227  0.48479247914968293
  0.49998661414718165  0.51517171900943981  0.52995260247993381  0.54457897549002354
  0.55915991658267994  0.57339896943988633  0.58739370617461073  0.60090763239854228
  0.61405336374356823  0.62691790925497715  0.63962363489933505  0.65208626176267304
  0.66367303081576978  0.67439152787002210  0.68490590273960250  0.69577294710916404
  0.70739527215730125  0.71927542812476064  0.73095132286958375  0.74243398281853501
  0.75366278865462533  0.76452826385401063  0.77502168645316383  0.78539007377869774
  0.79589354437330784  0.80647418550808325  0.81688220169926207  0.82703560536922949
  0.83701845691206644  0.84670236238309160  0.85602792721631926  0.86515272762634743
  0.87407918950869112  0.88277769281473339  0.89132760536371780  0.89960386829254846
  0.90764947131014573  0.91566906642497770  0.92388874841264002  0.93243553899734455
  0.94118837067514771  0.94987399805666284  0.95823264055245005  0.96631530314519498
  0.97449509160733039  0.98259076777177679  0.99135439742318310  1.00000000000000000
  0.70206347367930433  0.70416069808091175  0.70667579865560637  0.70995334046376202
  0.71441987730161938  0.71916207863718196  0.72344971922906076  0.72694296780637435
  0.72992158622059278  0.73287884012826032  0.73585993491759116  0.73902085453885669
  0.74205282467420952  0.74495648237659995  0.74784919092426871  0.75080599047792884
  0.75379660052150954  0.75674292017829570  0.75961923286603183  0.76246568785599989
  0.76534911188784172  0.76817275085512249  0.77103918958372319  0.77395534074255590
  0.77690083380213415  0.77976238797080955  0.78257840817572011  0.78540822739052774
  0.78832687306575955  0.79125898738995148  0.79420233076493496  0.79717297973789403
  0.80025673545454634  0.80337400952715043  0.80636463148425896  0.80927287734224940
  0.81213663364042143  0.81505463317222793  0.81804151971184635  0.82110900275044374
  0.82419367914203845  0.82726917425889868  0.83031962389249259  0.83339718320694367
  0.83642504864404021  0.83951822467109183  0.84263138831986106  0.84582594719511417
  0.84896190284892337  0.85208196917507573  0.85523694966582808  0.85841704367646565
  0.86158188139415259  0.86475247507451702  0.86793189186267716  0.87108913908406416
  0.87421625124321145  0.87734994364545005  0.88047889114589806  0.88360198500311582
  0.88673361094117376  0.88988528556227675  0.89306374968883473  0.89623513166495283
  0.89937837885320560  0.90250620959035821  0.90563864782525061  0.90876330093795632
  0.91186869066834930  0.91496761347078637  0.91808892430975020  0.92126477768001425
  0.92442335325850722  0.92751623442609088  0.93056103004395285  0.93357413806033074
  0.93655894040409693  0.93952644763131055  0.94242307296295824  0.94520341648733952
  0.94790946589985725  0.95054890677458259  0.95320515977275544  0.95588323676827069
  0.95865986350085020  0.96164953066791603  0.96467153617682855  0.96772098572038667
  0.97087349125837252  0.97421253576774547  0.97784426028377602  0.98183323750614693
  0.98599656610690622  0.99004838621428559  0.99460674026576845  1.00000000000000000
  0.03600714917050250  0.13084545013518767  0.14233999097208788  0.15026487712224434
  0.15635313793474712  0.16183728992330021  0.16690769253703508  0.17176179499701263
  0.17639970931817076  0.18108905601074901  0.18568230411055070  0.18981440621664736
  0.19401314292115246  0.19880495555331917  0.20476676144839334  0.21033887972912962
  0.21513189029379065  0.21954885306185792  0.22391969648449062  0.22819244527183979
  0.23343997650079970  0.23867922271636227  0.24391013767659653  0.24915594270456612
  0.25427590244334364  0.25930910184501227  0.26416721474438154  0.26907554821048912
  0.27416947023857946  0.27954606952178968  0.28510005014317530  0.29050303441896702
  0.29577538322893571  0.30115635324672929  0.30645942837737222  0.31196899278296863
  0.31761351738734600  0.32335626941989076  0.32939287546956647  0.33557479103928578
  0.34175786953504567  0.34766525744127685  0.35351215311285927  0.35940624945893485
  0.36516910824598081  0.37094522484275444  0.37686413824608689  0.38294323905319383
  0.38905937840461879  0.39519248455181394  0.40144372933502143  0.40780374216173371
  0.41423583987143242  0.42074289768247364  0.42729934772072853  0.43390680463169734
  0.44059903871591666  0.44729393650951560  0.45420724150388808  0.46080996488893855
  0.46753176577063016  0.47410326279148812  0.48093783631024106  0.48814073470416613
  0.49536283380197310  0.50270812108568741  0.51009008813615786  0.51757690788127764
  0.52525798987433037  0.53303861236371120  0.54094797214036416  0.54895247571977479
  0.55710476188120961  0.56570285018964317  0.57453954264491369  0.58387995945524507
  0.59336035578470225  0.60280268401674808  0.61245233485012662  0.62222017471351854
  0.63222411840108084  0.64223171374075316  0.65227093932294400  0.66273635353035876
  0.67395476155911882  0.68625038325147925  0.69933242488499059  0.71303356262666895
  0.72769614119744175  0.74392380176909356  0.76151243062321750  0.78040844064541592
  0.80153755368808588  0.82767504995469587  0.86926166089984913  1.00000000000000000
   1.6068976608042224E-004  -1.0000000000000000     
 F F F F F F F F F F F F F F F F F F F F F F F F F F F F F F F F F F F F F F F F F F F F F F F F F F F F F F F F F F F F F F F F F F F F F F F F F F F F F F F F F F F F F F F F F F F F F F F F F F F F F F F F F F F F F F F F F F F F F F F F F F F F F F F F F F F F F F F F F F F F F F F F F F F F F F F F F F F F F F F F F F F F F F F F F F F F F F F F F F F F F F F F F F F F F F F F F F F F F F F F F F F F F F F F F F F F F F F F F F F F F F F F F F F F F F F F F F F F F F F F F F F F F F F F F F F F F F F F
  <DiscreteSampler_grid>
  grouped_processes
  1 # 1 for a reference and 2 for a running grid.
  10 # Attribute 'min_bin_probing_points' of the grid.
  1 # Attribute 'grid_mode' of the grid. 1=='default',2=='initialization'
  0.0000000000000000 # Attribute 'small_contrib_threshold' of the grid.
  0.5000000000000000 # Attribute 'damping_power' of the grid.
 # binID   n_entries weight   weight_sqr   abs_weight
    19   10   1.046156755924836E+002   1.856534174841445E+004   1.046156755924836E+002
    20   10   1.046156755924840E+002   1.856534174841454E+004   1.046156755924840E+002
    22   10   1.305159443593016E+002   2.956704104009962E+004   1.305159443593016E+002
    23   10   1.305159443593021E+002   2.956704104009972E+004   1.305159443593021E+002
    25   10   1.000851003910928E+002   1.847768136211110E+004   1.000851003910928E+002
    26   10   1.000851003910930E+002   1.847768136211112E+004   1.000851003910930E+002
    28   10   1.317719490099530E+002   3.133122775040827E+004   1.317719490099530E+002
    29   10   1.317719490099533E+002   3.133122775040831E+004   1.317719490099533E+002
  </DiscreteSampler_grid>
