 -0.00327755039294572  0.01290747011683618  0.02502663792750183  0.03614156245673498
  0.04661347469397416  0.05688156081277743  0.06726060207203367  0.07775096538017530
  0.08851212641744241  0.09936802773304021  0.11012404842804391  0.12069636971201614
  0.13118370698022894  0.14184098012099736  0.15268631767673824  0.16345790150934736
  0.17440973764888112  0.18532436622133519  0.19642218111588827  0.20718826073966384
  0.21779271171413886  0.22838535763487069  0.23904520934322562  0.24932478278320122
  0.25926620118713606  0.26930113005258377  0.27991155169601539  0.29053029902196181
  0.30094448508348087  0.31119119635885145  0.32179752228087205  0.33241398869160960
  0.34317026872750928  0.35353851898192290  0.36387850315012910  0.37407209198826630
  0.38454535183975275  0.39492164175487082  0.40547951671566634  0.41599698568624499
  0.42670930760939974  0.43724993700496284  0.44774082009321736  0.45792073299656710
  0.46820622385572225  0.47856536103531022  0.48906309729053171  0.49964631409663912
  0.51039774103047497  0.52134196917522713  0.53201920355027532  0.54256819852440152
  0.55314573445622850  0.56386085195007574  0.57453552372569916  0.58500384843379694
  0.59545104093123902  0.60573133115454247  0.61622405292972637  0.62681365834257297
  0.63754452479288459  0.64801988412871581  0.65845840140039735  0.66858150938750371
  0.67876862285967754  0.68930857887941588  0.70026066736832027  0.71125219312242782
  0.72184087234351746  0.73213495417276975  0.74256511356966703  0.75292478307719501
  0.76341328145607712  0.77372788135820525  0.78393152605158123  0.79407414768840623
  0.80402257267834187  0.81418522190800768  0.82440928006373682  0.83483719014503266
  0.84537174271672555  0.85589701823166808  0.86637286690620108  0.87677511517061069
  0.88747397087028712  0.89826312760205929  0.90887254279935803  0.91924470669322411
  0.92984091310558559  0.94040946596080655  0.95085955867183458  0.96086572948726978
  0.97114901488105831  0.98087170012789926  0.99059488529415030  1.00000000000000000
 -0.00288303613695462  0.01132360968997136  0.02283063997078738  0.03422260055241542
  0.04553165395391501  0.05668114069518466  0.06802429878661363  0.07910078912514751
  0.09055365771246057  0.10222372842144127  0.11412623677026019  0.12585865803384441
  0.13729801298894662  0.14861236121434521  0.15983549172957209  0.17082734944263356
  0.18162201596461733  0.19242680680230820  0.20317249498993170  0.21400389609044027
  0.22499178808359394  0.23581452687236995  0.24622025309613535  0.25635089960290253
  0.26657195270514067  0.27697842656507166  0.28739488211198527  0.29784002567697448
  0.30834510825518174  0.31887191808385101  0.32937705187933131  0.33980431482036894
  0.35009211988109384  0.36027017625362379  0.37028282005590807  0.38020236287751452
  0.39023849555508311  0.40027918618440822  0.41033772945611535  0.42049646610753583
  0.43069652344304638  0.44081591021323502  0.45074393430679738  0.46063752277635400
  0.47068707723366898  0.48076525571657530  0.49085152965298323  0.50090997637952561
  0.51082224560139233  0.52070723135055441  0.53039316682388815  0.54007035101260603
  0.54965687876103198  0.55935928313195493  0.56920602410380716  0.57940876415126952
  0.58934764283334673  0.59949981475864456  0.60948703215819811  0.61999320278497982
  0.63043438709917499  0.64089388542181158  0.65134316375623114  0.66176291541558852
  0.67206606547229786  0.68235211647985172  0.69278720762470292  0.70318995059182055
  0.71354502586217072  0.72353691695252675  0.73349451291152101  0.74341318821965241
  0.75353321546147656  0.76385105947979293  0.77421650975721856  0.78442376212543063
  0.79454398820405547  0.80466202855892466  0.81493502428491493  0.82529177775958629
  0.83600111652135667  0.84699486565174775  0.85789457657556067  0.86850980856163018
  0.87895058805255410  0.88955855700936493  0.90057356460581495  0.91168037671087621
  0.92293169189226232  0.93404725509892106  0.94534737184255568  0.95643692320602580
  0.96712618265947869  0.97780318042605707  0.98883534117875682  1.00000000000000000
 -0.00255198183883588  0.00976848686222675  0.01991888593516352  0.03043999462219248
  0.04083978866040755  0.05107174322131325  0.06123348285547706  0.07149075857135653
  0.08171276725839541  0.09197475141486944  0.10227210575232493  0.11278061489041961
  0.12331030391439921  0.13398010417588418  0.14444002756250263  0.15475864648409024
  0.16513119704000359  0.17578828926954246  0.18658945435450502  0.19696326774748332
  0.20736834590980102  0.21782535540988585  0.22831413376799864  0.23872778527393604
  0.24918666302355355  0.25971937161062436  0.27036334777821208  0.28114363654890784
  0.29218563410804865  0.30313835831690028  0.31434732619952155  0.32534958591242369
  0.33616288142015255  0.34671230373501172  0.35726538729891993  0.36811523864988549
  0.37876246692370380  0.38962482000273785  0.40042462843307119  0.41144383319855332
  0.42201764999089347  0.43223372042532526  0.44242406813780910  0.45271491617510801
  0.46310152312413261  0.47356009705422358  0.48374878033698127  0.49398947157269041
  0.50440672228260053  0.51500848244345698  0.52576487159076990  0.53646247238468514
  0.54719190104102522  0.55760181535484554  0.56819889116829392  0.57888783404950228
  0.58980269599737722  0.60048109626537838  0.61093951377200839  0.62130095578608946
  0.63159420035052227  0.64176980986136489  0.65195374196705769  0.66210462627184585
  0.67235709340593153  0.68271289362536969  0.69317482924061247  0.70391385657034944
  0.71470800038331850  0.72543233389634043  0.73600796091213638  0.74633097143018723
  0.75675220908458274  0.76718511955217872  0.77786048893738424  0.78852618778972849
  0.79913007025767813  0.80958422909454875  0.81990069612640326  0.83014931781558376
  0.84057120599880808  0.85106221369760049  0.86159274245321715  0.87221967328139371
  0.88291031093476824  0.89363925869708338  0.90419269392432855  0.91468999034492471
  0.92550676897160034  0.93635064029736059  0.94677480462017605  0.95710117462336153
  0.96749419146200710  0.97838327499636679  0.98904812434648803  1.00000000000000000
  0.01065674236233259  0.01699425904460834  0.02771938311449348  0.03920766188485780
  0.05014340775268551  0.06108860941892647  0.07244822400627156  0.08415599689242391
  0.09588749254972774  0.10768014893395429  0.11940725417797526  0.13110323439607593
  0.14284258576296185  0.15470209383605824  0.16664786927810873  0.17833143949181465
  0.18981603982207745  0.20109777535314344  0.21236166270107146  0.22387192224625937
  0.23551978869568799  0.24729266171949915  0.25893983405189930  0.27058656889407573
  0.28227289046500104  0.29391439707256539  0.30539044959693262  0.31676481014679153
  0.32823528654920914  0.33986749390649273  0.35159596480514443  0.36341834473771711
  0.37524704881153387  0.38703945619254576  0.39872476237918897  0.41032802643454941
  0.42196442051113675  0.43353795398579920  0.44525925672111966  0.45695490303710962
  0.46849482057988673  0.47981623456702882  0.49097780048291234  0.50195832687957997
  0.51281226274883329  0.52376513495567256  0.53472420936709397  0.54581594162577207
  0.55681140389163930  0.56815250054877098  0.57961787858649039  0.59098398071747804
  0.60216430727046200  0.61340223815698081  0.62471629675274276  0.63570125643661368
  0.64670641917660676  0.65777477369850046  0.66892236784328141  0.67982560477600718
  0.69082920083510480  0.70189817397019194  0.71275303366626375  0.72352744209253905
  0.73429484522958621  0.74504159833949057  0.75553364886142715  0.76578362658497723
  0.77616246392024735  0.78662439678373119  0.79700804066195574  0.80735747197792673
  0.81762807086441058  0.82785744193102517  0.83782502355099908  0.84754589346401144
  0.85716250027203944  0.86676026808050366  0.87619034734786161  0.88516275161389057
  0.89395044322196826  0.90233860871042415  0.91093655914926064  0.91925889929313298
  0.92746627172796547  0.93535815418094304  0.94296895466010699  0.95042323405388673
  0.95778855555088771  0.96503824744406519  0.97204834030928355  0.97871587244821057
  0.98446132534722774  0.98987500275451379  0.99504004674323188  1.00000000000000000
 -0.00200786136158319  0.00946438209473286  0.01949709214809982  0.02973151691200806
  0.04018744429399052  0.05059033062873233  0.06111548482254162  0.07140159625048176
  0.08185026524703858  0.09202074103588152  0.10196948050960014  0.11197820629094114
  0.12191991568869216  0.13223838528429382  0.14251135761877790  0.15306988944349742
  0.16384730442233819  0.17477661128447949  0.18568422103364254  0.19603417990476743
  0.20635872194110866  0.21692892023966176  0.22743307229403675  0.23795468514550569
  0.24820112343788903  0.25888118650269298  0.26977745462803276  0.28054670887680561
  0.29127456640060911  0.30193905093138912  0.31259956799113453  0.32305438113151674
  0.33334457400378320  0.34382907277274449  0.35439765732052925  0.36496924687981158
  0.37539041502226617  0.38580022374071643  0.39609469482488568  0.40642124380906763
  0.41655346300042206  0.42660019560023066  0.43671558434016100  0.44698207140494900
  0.45750715428706834  0.46818058664735390  0.47890061439647857  0.48956968546896318
  0.50014500330811573  0.51084479141180439  0.52170921755844002  0.53255616825580554
  0.54348146036913481  0.55425424721054517  0.56491083103051087  0.57561659972498069
  0.58615559227784708  0.59665253728058454  0.60700295285888362  0.61730875747947256
  0.62758088402742951  0.63795794981989740  0.64852663467530824  0.65928118611614395
  0.66994976189729616  0.68062255754534362  0.69127673043607429  0.70186408988468019
  0.71260022776794685  0.72370326081357772  0.73459632257875229  0.74509129233002380
  0.75553398387716253  0.76591988581915582  0.77640970169530821  0.78653066738012922
  0.79706667473841175  0.80821791215162153  0.81938013061189097  0.83033904553587068
  0.84078069918212206  0.85127264886872067  0.86145953941596032  0.87172107248421959
  0.88191597108820419  0.89223898385008082  0.90253403814454425  0.91313285303669978
  0.92361259751187785  0.93443800394174115  0.94512854823388126  0.95604423651462234
  0.96668702870635081  0.97770704990103086  0.98876138071120956  1.00000000000000000
 -0.00874773583188041  0.07286608858479325  0.13385899908097010  0.18332265281273816
  0.22683945212284709  0.26503115203273309  0.28987518285771841  0.31021112796368416
  0.33319278489271159  0.44514381350995569  0.46716852071822856  0.47538596915843329
  0.48349566255796955  0.49267102506905991  0.50303618238147685  0.51398788712115784
  0.52192437207314646  0.52943393560035212  0.53707480091799187  0.54555292380292930
  0.55388868861698304  0.56213105048194523  0.57049391298470364  0.57908684779094710
  0.58747174637020871  0.59537323824397226  0.60299283631281519  0.61031052722312740
  0.61749625096909855  0.62456886308139137  0.63155750706891978  0.63839536002455965
  0.64518459677826279  0.65188217715233476  0.65853027472200332  0.66505472794490061
  0.67142056259524763  0.67766840209418644  0.68391951013560626  0.69001492532286313
  0.69595127551544955  0.70183019195837759  0.70769410666347599  0.71346792278148430
  0.71908019895762998  0.72456427055849937  0.72995318467073600  0.73511736974676756
  0.74030817202782118  0.74546197422863858  0.75058005286511076  0.75572338813701800
  0.76087776118479178  0.76602570337428966  0.77111526765129212  0.77610311480220928
  0.78105053116134038  0.78600163220345409  0.79091689670368748  0.79578537201956268
  0.80058139789031302  0.80533060794294864  0.81007458217228245  0.81478884550252584
  0.81951851018624777  0.82422167535321478  0.82888862149975462  0.83355853026875126
  0.83823099432628889  0.84295478611165142  0.84776247253082182  0.85261992827548538
  0.85745137381772230  0.86223563331789632  0.86697742080043494  0.87164629939375837
  0.87632215516032008  0.88111596019421135  0.88589408040435469  0.89074442925330333
  0.89565278169189577  0.90064375559667131  0.90576801403636220  0.91092719530515243
  0.91622261596516086  0.92177359233023215  0.92753214384153182  0.93346535117390006
  0.93967135359509657  0.94608303648891168  0.95251142009953349  0.95936906678060097
  0.96716922171897857  0.97592917552768799  0.98682668872109536  1.00000000000000000
 -0.00123959566900030  0.11569878408556812  0.12997705689695074  0.14274090398378778
  0.15434220909643945  0.16464660351857963  0.17374034266338514  0.18211811254246899
  0.18989169538518322  0.19721445676130356  0.20429242179548576  0.21113100324545828
  0.21759154507968911  0.22421240634561035  0.23065513865581908  0.23687588627715728
  0.24305049644771765  0.24907602734861314  0.25491149678861780  0.26056345387067564
  0.26612092306239726  0.27170547968591985  0.27736853071216394  0.28305467008111218
  0.28869324096595056  0.29428833810601984  0.29980690088363271  0.30525307100600418
  0.31091937798167391  0.31643793265814019  0.32196754143856021  0.32741140803892882
  0.33278947401754533  0.33819796703986299  0.34369434417986972  0.34915619881381665
  0.35453114945387260  0.35992119542476492  0.36533943497886606  0.37081410116826719
  0.37640521878789485  0.38198975907279259  0.38767051951876591  0.39334441421536259
  0.39902372233391153  0.40464971318017290  0.41037419457191676  0.41616919460197727
  0.42202472386176104  0.42784552597157810  0.43361608972696447  0.43944599794886807
  0.44536320188500950  0.45135329929742651  0.45744694384321344  0.46367205138408912
  0.47006076695526450  0.47647060906307176  0.48290991191608373  0.48945834437331515
  0.49601634915679010  0.50272720451798858  0.50963008850308722  0.51656583816632740
  0.52335975991483197  0.53015464470498341  0.53705943797151101  0.54426166462712733
  0.55159015656663846  0.55899338790393072  0.56652288991965694  0.57426796245808109
  0.58211810300507971  0.59010213507379405  0.59808209294924275  0.60615624424628711
  0.61451769234153908  0.62312211242861748  0.63206463708301075  0.64122992855100169
  0.65060708982580373  0.66013588039946569  0.67003208102499179  0.68046806274509009
  0.69112849186216607  0.70199328974941455  0.71330512442171390  0.72531210047343608
  0.73787442188103980  0.75095365954445603  0.76469414300311866  0.77922715967050304
  0.79518355014617970  0.81384012272253292  0.83928042110118417  1.00000000000000000
   1.4285531924078283E-003  -1.0000000000000000     
 F F F F F F F F F F F F F F F F F F F F F F F F F F F F F F F F F F F F F F F F F F F F F F F F F F F F F F F F F F F F F F F F F F F F F F F F F F F F F F F F F F F F F F F F F F F F F F F F F F F F F F F F F F F F F F F F F F F F F F F F F F F F F F F F
  <DiscreteSampler_grid>
  grouped_processes
  1 # 1 for a reference and 2 for a running grid.
  10 # Attribute 'min_bin_probing_points' of the grid.
  1 # Attribute 'grid_mode' of the grid. 1=='default',2=='initialization'
  0.0000000000000000 # Attribute 'small_contrib_threshold' of the grid.
  0.5000000000000000 # Attribute 'damping_power' of the grid.
 # binID   n_entries weight   weight_sqr   abs_weight
    19   10   1.709383834416393E+004   7.426325869472524E+008   1.709383834416393E+004
    20   10   1.709383834416391E+004   7.426325869472491E+008   1.709383834416391E+004
    22   10   2.108048097690540E+004   1.110993461665901E+009   2.108048097690540E+004
    23   10   2.108048097690538E+004   1.110993461665896E+009   2.108048097690538E+004
    25   10   1.892101526810266E+004   1.104841389311547E+009   1.892101526810266E+004
    26   10   1.892101526810264E+004   1.104841389311541E+009   1.892101526810264E+004
    28   10   2.520211309722337E+004   1.987491388548797E+009   2.520211309722337E+004
    29   10   2.520211309722334E+004   1.987491388548789E+009   2.520211309722334E+004
  </DiscreteSampler_grid>
