  0.00829564372999476  0.01074953935931820  0.01320343498864164  0.01565733061796508
  0.01811122624728852  0.02056512187661196  0.02518460153488102  0.03006982610466874
  0.03495505067445645  0.03984027524424416  0.04459336500997814  0.04926755871924197
  0.05394175242850580  0.05861594613776963  0.06329013984703347  0.06796433355629730
  0.07263852726556114  0.07731272097482497  0.08198691468408879  0.08666110839335267
  0.09133530210261655  0.09600949581188044  0.10068368952114432  0.14611949965219601
  0.27229053986209678  0.27830200492831408  0.28431346999453133  0.29032493506074863
  0.29633640012696583  0.30234786519318307  0.30835933025940027  0.31437079532561751
  0.32038226039183471  0.32639372545805190  0.33240519052426915  0.37889143754658028
  0.38545933903319929  0.39202724051981830  0.39859514200643736  0.40516304349305649
  0.41173094497967555  0.41829884646629462  0.42486674795291368  0.43143464943953269
  0.45009594407454612  0.56381288460158341  0.56795209471588182  0.57209130483018011
  0.57623051494447852  0.58036972505877682  0.58450893517307523  0.58864814528737364
  0.59278735540167204  0.59692656551597045  0.60106577563026875  0.60517527576029295
  0.60919604842119068  0.61321682108208841  0.61723759374298615  0.62125836640388388
  0.62553047237674975  0.63317149829859620  0.64081252422044266  0.64845355014228911
  0.65609457606413568  0.66373560198598214  0.67196998448212519  0.68057361980412456
  0.68861452482932417  0.69433158303917364  0.70004864124902311  0.70576569945887258
  0.71148275766872215  0.71719981587857162  0.72291687408842120  0.72863393229827078
  0.73435099050812025  0.74006804871796972  0.74578510692781919  0.79176485327505075
  0.80195003180135904  0.81213521032766745  0.82232038885397574  0.83250556738028403
  0.84265271679905696  0.85279650212543834  0.85895067636389966  0.86448179841218542
  0.87001292046047107  0.87545888121582982  0.88012419315298052  0.88478950509013110
  0.88945481702728180  0.89412012896443238  0.90753170979186937  1.00000000000000000
  0.00000249097204798  0.00000838899391471  0.00000888019014716  0.00000943163598579
  0.00001007884086181  0.00001169543259965  0.00001288893061336  0.00001339671332996
  0.00001390449604657  0.00001441227876317  0.00001500023496799  0.00001559056449250
  0.00001618089401701  0.00001677122354152  0.00001745736699418  0.00001814366240384
  0.00001882995781349  0.00002009551849830  0.00002780838590465  0.00002973835861180
  0.00003113217092223  0.00003205818143391  0.00003298419194558  0.00003391020245726
  0.00003483621296894  0.00003578563729967  0.00003686218308821  0.00003793872887675
  0.00003901527466528  0.00004009182045382  0.00004116836624236  0.00004242347264944
  0.00004372981737824  0.00004503616210704  0.00004634250683584  0.00004764885156464
  0.00005043857871175  0.00005412170548492  0.00005810381322735  0.00006238568105316
  0.00006692828786544  0.00007190623003437  0.00007648784665622  0.00007987934798871
  0.00008327084932120  0.00008666235065370  0.00009039798110806  0.00009434081591423
  0.00009828365072039  0.00010222648552656  0.00010517703837347  0.00010812613184462
  0.00011107522531578  0.00011402431878693  0.00011697341225808  0.00012036614183280
  0.00012453680494964  0.00012870746806648  0.00013287813118331  0.00013704879430015
  0.00014089206631662  0.00014461461685718  0.00014833716739774  0.00015205971793831
  0.00015578226847887  0.00015950481901943  0.00016498151581329  0.00017122210310244
  0.00017746269039158  0.00018370327768073  0.00019046350502526  0.00019771858245626
  0.00020497365988725  0.00021222873731825  0.00029388727837022  0.00030205093738136
  0.00031021459639250  0.00031837825540365  0.00032654191441479  0.00033470557342594
  0.00034278305780744  0.00035054207579117  0.00035830109377489  0.00036606011175862
  0.00037381912974235  0.00038157814772608  0.00038933716570981  0.00042778615918805
  0.00129435468414927  0.00392350568590069  0.01189835920055962  0.02475938435730729
  0.02475938435731729  0.02475938435732729  0.02475938435733729  1.00000000000000000
  0.00000078830829632  0.00000126565508957  0.00000151655562898  0.00000176060011989
  0.00000228456235789  0.00000385320757454  0.00000406611515128  0.00000427902272802
  0.00000451930411399  0.00000476682263801  0.00000501434116204  0.00000530013830441
  0.00000558789424375  0.00000587773364077  0.00000618413554677  0.00000649053745276
  0.00000679750906379  0.00000715372065895  0.00000750993225411  0.00000786614384928
  0.00000827511660857  0.00000868923511777  0.00000910335362697  0.00001099132060321
  0.00001144690782179  0.00001190249504038  0.00001235808225896  0.00001284114314425
  0.00001332770244427  0.00001381426174428  0.00001430082104429  0.00001484598475614
  0.00001541164071652  0.00001597729667690  0.00001654295263728  0.00001751879179574
  0.00001877406690902  0.00002300558203760  0.00002410097266466  0.00002519636329172
  0.00002629175391877  0.00002755517301928  0.00002882863390497  0.00003010209479067
  0.00003149551361549  0.00003297599243951  0.00003445647126354  0.00004157812258894
  0.00004326971543412  0.00004496130827930  0.00004665290112448  0.00004837775529117
  0.00005034433896429  0.00005231092263741  0.00005427750631052  0.00005628935161880
  0.00005857562952213  0.00006086190742547  0.00006314818532880  0.00008069136515762
  0.00029859545953490  0.00035221689492740  0.00036456958295946  0.00037692227099152
  0.00038927495902357  0.00040244723993630  0.00041680802106173  0.00043116880218715
  0.00044552958331258  0.00045989036443800  0.00047639614853969  0.00049309146489489
  0.00050978678125009  0.00052648209760529  0.00094290083121758  0.00137216355966115
  0.00143817985419490  0.00150419614872865  0.00157537397348750  0.00165212209131014
  0.00172887020913278  0.00180839157196309  0.00189761611313007  0.00198684065429705
  0.00207606519546403  0.00700495795745522  0.00860186459548281  0.01053284920336805
  0.03198850471683154  0.11857961462215121  0.20234931702807207  0.22061780011856641
  0.23950824774765966  0.27045568461676261  0.36822846505000384  1.00000000000000000
  0.01597886880238845  0.01663713269566324  0.01729539658893802  0.01795366048221281
  0.01861192437548759  0.01927018826876238  0.01992845216203717  0.02058671605531195
  0.02299335200902891  0.02644743677572648  0.02990152154242405  0.03335560630912162
  0.03680969107581919  0.04026377584251675  0.12944491565367960  0.17320232481908290
  0.18193768893874246  0.19067305305840201  0.19940841717806157  0.20814378129772113
  0.21687914541738079  0.22561450953704043  0.31687295237246271  0.46468613882174659
  0.56382452680893402  0.56774023021302533  0.57165593361711664  0.57557163702120795
  0.57948734042529926  0.58340304382939057  0.58731874723348187  0.59123445063757329
  0.59515015404166460  0.59906585744575591  0.60298156084984722  0.60689726425393864
  0.61081296765802984  0.61472867106212115  0.61864437446621245  0.62256007787030376
  0.62747536175083252  0.63404326080353290  0.64061115985623318  0.64717905890893346
  0.65374695796163385  0.66031485701433423  0.66688275606703462  0.67345065511973501
  0.68001855417243529  0.68658645322513556  0.69228768940498697  0.69784890299100588
  0.70341011657702468  0.70881344587500905  0.71299843279853004  0.71718341972205113
  0.72136840664557222  0.72555339356909332  0.72973838049261430  0.73392336741613540
  0.73810835433965638  0.74229334126317736  0.74647832818669835  0.75087936856079984
  0.75642747966396118  0.76197559076712251  0.76752370187028374  0.79415540396789974
  0.80363546617514303  0.81311552838238632  0.82259559058962961  0.83207565279687279
  0.84155571500411619  0.85103577721135959  0.91785675871592010  0.92267672972864689
  0.92749670074137358  0.93231667175410027  0.93713664276682707  0.94195661377955375
  0.94677658479228044  0.95159655580500713  0.95641652681773393  0.96027081059858821
  0.96348750199364575  0.96670419338870328  0.96992088478376071  0.97313757617881824
  0.97635426757387578  0.97959412139309932  0.98299510116091615  0.98639608092873299
  0.98979706069654971  0.99319804046436655  0.99659902023218327  1.00000000000000000
  0.00243651469548542  0.00545078937214708  0.00846506404880873  0.01147933872547039
  0.01449361340213205  0.01750788807879370  0.02052216275545536  0.02455358801956316
  0.02870210360817118  0.03285061919677919  0.03699913478538721  0.04114765037399523
  0.14703318198038129  0.15193021969996975  0.15682725741955825  0.16172429513914674
  0.16662133285873523  0.17151837057832367  0.17641540829791211  0.18131244601750054
  0.18620948373708898  0.19081056258245285  0.19530573889959735  0.19980091521674181
  0.20429609153388628  0.20921241328348542  0.21784163693901881  0.22647086059455221
  0.23510008425008552  0.24372930790561884  0.29176678528976685  0.29645207075291646
  0.30113735621606608  0.30582264167921569  0.31050792714236530  0.31519321260551492
  0.31987849806866453  0.32456378353181414  0.32924906899496376  0.33393435445811342
  0.33861963992126309  0.34330492538441271  0.34799021084756238  0.35267549631071204
  0.46690932974778360  0.55562397425741861  0.58109552641253537  0.60468974093793015
  0.61024025232142043  0.61579076370491059  0.62134127508840087  0.62689178647189114
  0.63244229785538142  0.63799280923887158  0.64354332062236186  0.64909383200585213
  0.65464434338934241  0.66019485477283280  0.66574536615632307  0.67144707027168427
  0.67717886460001053  0.68291065892833680  0.68856787112842222  0.69392547997725296
  0.69928308882608359  0.70464069767491433  0.70999830652374518  0.71535591537257592
  0.72071352422140678  0.72607113307023752  0.73348047010959383  0.74369749161381016
  0.75423938800451740  0.76530434476948728  0.77636930153445716  0.78743425829942715
  0.79849921506439714  0.80956417182936702  0.87715021260437553  0.88317747512855427
  0.88920473765273300  0.89523200017691174  0.90125926270109047  0.90728652522526920
  0.91331378774944805  0.91934105027362678  0.92536831279780551  0.93139557532198414
  0.93742283784616287  0.96400511985608361  0.97059085774060572  0.97717659562512782
  0.98309815474021855  0.98873210316014570  0.99436605158007285  1.00000000000000000
  0.12189977963765464  0.12941023396913673  0.13382046793827346  0.13823070190741016
  0.14264093587654689  0.14712057355867039  0.15178214390136338  0.15644371424405634
  0.16110528458674933  0.16576685492944229  0.17301636339497214  0.18088490602573365
  0.18875344865649513  0.19662199128725660  0.20449053391801811  0.23141239952407930
  0.23741160179130905  0.24341080405853882  0.24941000632576857  0.25540920859299832
  0.26140841086022809  0.26740761312745781  0.27340681539468759  0.27940601766191742
  0.28540521992914725  0.29140442219637708  0.32013460141703887  0.32945645514674321
  0.33684794525945300  0.34286499676547755  0.34888204827150204  0.35489909977752659
  0.36091615128355103  0.36693320278957553  0.37295025429559997  0.37942959838283868
  0.38614779026248403  0.39286598214212931  0.40884115627556283  0.42001913575430050
  0.42506712343636233  0.43011511111842410  0.43516309880048593  0.44021108648254775
  0.44525907416460953  0.45030706184667135  0.45535504952873318  0.46040502936818395
  0.46545787590279447  0.47051072243740505  0.47556356897201563  0.52270660475694786
  0.67445745927240475  0.79252530321840320  0.79629752722344394  0.80006975122848456
  0.80384197523352530  0.80761419923856603  0.81138642324360666  0.81451281383705876
  0.81736869653367972  0.82022457923030068  0.82308046192692152  0.82593634462354248
  0.82879222732016344  0.83164811001678440  0.83450399271340536  0.83735987541002643
  0.84021575810664739  0.84307164080326835  0.84592752349988931  0.84878340619651038
  0.85163928889313134  0.85465695520507956  0.85891931614644035  0.86318167708780114
  0.86744403802916192  0.87170639897052271  0.89623433552912468  0.90069011175038649
  0.90514588797164819  0.90960166419291000  0.91405744041417170  0.91851321663543350
  0.92296899285669520  0.92742476907795690  0.93188054529921871  0.93633632152048041
  0.94079209774174211  0.94524787396300380  0.94970365018426561  0.95415942640552731
  0.95923586434486019  0.97350303112563619  0.98700377920256421  1.00000000000000000
 -0.00406192455622478  0.00408313725242107  0.00816627450484213  0.01224941175726320
  0.01633254900968427  0.02041568626210534  0.02514376376385449  0.02994532595467222
  0.03474688814548995  0.03954845033630768  0.11410190410015793  0.12852454410582043
  0.13237263748946626  0.13622073087311207  0.14006882425675790  0.14391691764040371
  0.14776501102404954  0.15161310440769540  0.15546119779134127  0.15930929117498713
  0.16315738455863299  0.16700547794227885  0.17085357132592466  0.17470166470957046
  0.17854975809321630  0.18239785147686211  0.18624594486050794  0.27487487452499632
  0.35547481277386883  0.35884413359993800  0.36221345442600716  0.36558277525207633
  0.36895209607814550  0.37232141690421466  0.37569073773028383  0.37906005855635300
  0.38242937938242216  0.38579870020849133  0.38916802103456050  0.39253734186062966
  0.39590666268669883  0.39927598351276805  0.40264530433883727  0.40601462516490644
  0.40938394599097566  0.41275326681704488  0.41612258764311411  0.46071836487937989
  0.46533108606760215  0.46994380725582441  0.47455652844404667  0.47916924963226892
  0.48378197082049113  0.48839469200871333  0.49300741319693553  0.49762013438515773
  0.50223285557337993  0.50684557676160213  0.51145829794982434  0.51607101913804654
  0.52068374032626874  0.55701070003172115  0.56450872998097190  0.56733253625625879
  0.57015634253154568  0.57298014880683257  0.57580395508211935  0.57862776135740623
  0.58145156763269312  0.58427537390798001  0.58709918018326690  0.58992298645855379
  0.59274679273384068  0.59557059900912757  0.59839440528441445  0.60121821155970134
  0.60404201783498823  0.60638604144129915  0.60870790837450128  0.61102977530770330
  0.61335164224090544  0.61567350917410746  0.61799537610730959  0.62031724304051161
  0.62263910997371374  0.62496097690691577  0.62827691997610513  0.63160985585264540
  0.63494279172918566  0.63827572760572604  0.64160866348226631  0.64494159935880668
  0.74076968424478640  0.87038484212238698  0.97917741934458413  1.00000000000000000
  0.00260275204976399  0.00714328680723273  0.01168382156470147  0.01622435632217021
  0.02076489107963895  0.02681289525542335  0.03288397019825420  0.03895504514108505
  0.04521766078692045  0.05163488071767475  0.05805210064842904  0.06446932057918334
  0.07088654050993765  0.07730376044069194  0.08372098037144624  0.09013820030220060
  0.09655542023295496  0.10297264016370933  0.22967990469459210  0.25458376087966250
  0.25986320877964914  0.26514265667963571  0.27042210457962235  0.27570155247960904
  0.28098100037959572  0.28626044827958241  0.29153989617956910  0.29681934407955574
  0.30209879197954231  0.30737823987952895  0.31261390267348765  0.31642740827420501
  0.32024091387492232  0.32405441947563962  0.32786792507635698  0.33168143067707428
  0.33549493627779164  0.33930844187850900  0.34312194747922636  0.34693545307994372
  0.35074895868066108  0.35446613087866302  0.35735146521928074  0.36023679955989851
  0.36312213390051629  0.36600746824113400  0.36889280258175178  0.37177813692236950
  0.37466347126298727  0.37880747043750190  0.38311765603528664  0.38742784163307131
  0.39173802723085599  0.39604821282864072  0.40035839842642545  0.40466858402421019
  0.40897876962199492  0.41328895521977965  0.45002782938744657  0.46801226972795040
  0.47824218865724349  0.48847210758653642  0.49870202651582934  0.50893194544512232
  0.51916186437441525  0.52460327853026123  0.52910949564503640  0.53361571275981157
  0.53812192987458674  0.54241365774110251  0.54591461754730131  0.54941557735350011
  0.55291653715969902  0.55641749696589782  0.55991845677209662  0.56341941657829542
  0.56692037638449433  0.57042133619069313  0.57392229599689193  0.57742325580309073
  0.58092421560928964  0.58492744433806088  0.59003891480195292  0.59515038526584496
  0.60026185572973700  0.60974561435228514  0.63337831742837725  0.65701102050446947
  0.75786831412059052  0.91207398614488722  0.92582749084334681  0.93526952548401920
  0.94091022429228144  0.94537520209783799  0.94863373438517251  1.00000000000000000
  0.70460259517033885  0.77366459451547553  0.77649585569761792  0.77932711687976020
  0.78215837806190258  0.78498963924404486  0.78782090042618724  0.79065216160832952
  0.79318113584538530  0.79554130832042080  0.79790148079545620  0.80026165327049170
  0.80262182574552710  0.80498199822056249  0.80734217069559799  0.80970234317063339
  0.81206251564566889  0.81451386593319752  0.81698596262571943  0.81945805931824134
  0.82193015601076325  0.82440225270328515  0.82687434939580706  0.82934644608832897
  0.83181854278085099  0.83402614980346679  0.83581524237553650  0.83760433494760633
  0.83939342751967616  0.84118252009174599  0.84297161266381582  0.84476070523588564
  0.84654979780795547  0.84833889038002530  0.85012798295209513  0.85191707552416496
  0.85370616809623479  0.85578370702156514  0.85796122316578927  0.86013873931001350
  0.86231625545423762  0.86449377159846175  0.86667128774268598  0.86884880388691010
  0.87102632003113434  0.87320383617535846  0.87536636416144620  0.87745829814282927
  0.87955023212421246  0.88164216610559554  0.88373410008697872  0.88582603406836180
  0.88791796804974499  0.89000990203112806  0.89210183601251125  0.89419376999389433
  0.89655542579042091  0.89989465607775765  0.90323388636509438  0.90657311665243112
  0.90991234693976786  0.91325157722710459  0.91659080751444133  0.91993003780177807
  0.92326926808911480  0.92660849837645143  0.92994772866378816  0.93328695895112490
  0.93662618923846153  0.94005487370431329  0.94351526312870582  0.94697565255309835
  0.95043604197749088  0.95389643140188340  0.95735682082627593  0.95994184306998798
  0.96218272306001740  0.96442360305004682  0.96666448304007635  0.96890536303010577
  0.97114624302013519  0.97338712301016461  0.97562800300019414  0.97786888299022356
  0.97993437704360420  0.98175852458509472  0.98358267212658523  0.98540681966807575
  0.98723096720956627  0.98905511475105679  0.99087926229254730  0.99270340983403782
  0.99452755737552834  0.99635170491701885  0.99817585245850948  1.00000000000000000
  0.16124265988667813  0.16335140336213283  0.16546014683758756  0.17056787532713147
  0.17968606718808650  0.20770214622407560  0.29322532815895946  0.29706915005781409
  0.30091297195666877  0.30475679385552346  0.30860061575437808  0.31244443765323276
  0.31628825955208745  0.32013208145094207  0.32397590334979676  0.32781972524865144
  0.33166354714750607  0.33550736904636075  0.33935119094521549  0.34319501284407017
  0.34703883474292485  0.35088265664177959  0.37473604787980902  0.39919870893262449
  0.40315507530920497  0.40711144168578545  0.41106780806236592  0.41502417443894635
  0.41898054081552683  0.42293690719210725  0.42689327356868767  0.43084963994526809
  0.43480600632184851  0.43876237269842894  0.44271873907500936  0.44667510545158978
  0.45063147182817020  0.45458783820475063  0.46586104964280933  0.58415700622661304
  0.58905254854864220  0.59394809087067135  0.59884363319270051  0.60373917551472966
  0.60863471783675882  0.61353026015878787  0.61842580248081702  0.62332134480284618
  0.62821688712487522  0.63311242944690438  0.63800797176893342  0.64290351409096258
  0.64735150885277160  0.65113245469635939  0.65491340053994707  0.65869434638353475
  0.66247529222712254  0.66625623807071022  0.67003718391429790  0.67381812975788558
  0.67759907560147326  0.68138002144506093  0.68516096728864861  0.68863232623711734
  0.69160148164884039  0.69457063706056343  0.69753979247228637  0.70050894788400941
  0.70347810329573246  0.70644725870745551  0.70965588249484413  0.71328151601312761
  0.71690714953141110  0.72053278304969459  0.72415841656797808  0.72778405008626168
  0.73124512709130640  0.73460476992535784  0.73796441275940927  0.74132405559346060
  0.74468369842751203  0.74804334126156347  0.75180326080368531  0.75612142253906256
  0.76043958427443992  0.76475774600981716  0.76907590774519441  0.77441895289499196
  0.78046537247846703  0.78651179206194211  0.79218393118594876  0.79569199684025482
  0.79920006249456088  0.80155897537867227  0.80155897537868226  1.00000000000000000
   2.6021754881953357E-005  -1.0000000000000000     
 F F F F F F F F F F F F F F F F F F F F F F F F F F F F F F F F F F F F F F F F F F F F F F F F F F F F F F F F F F F F F F F F F F F F F F F F F F F F F F F F F F F F F F F F F F F F F F F F F F F F F F F F F F F F F F F F F F F F F F F F F F F F F F F F F F F F F F F F F F F F F F F F F F F F F F F F F F F F F F F F F F F F F F F F F F F F F F F F F F F F F F F F F F F F F F F F F F F F F F F F F F F F F F F F F F F F F F F F F F F F F F F F F F F F F F F F F F F F F F F F F F F F F F F F F F F F F F F F
  <DiscreteSampler_grid>
  grouped_processes
  1 # 1 for a reference and 2 for a running grid.
  10 # Attribute 'min_bin_probing_points' of the grid.
  1 # Attribute 'grid_mode' of the grid. 1=='default',2=='initialization'
  0.0000000000000000 # Attribute 'small_contrib_threshold' of the grid.
  0.5000000000000000 # Attribute 'damping_power' of the grid.
 # binID   n_entries weight   weight_sqr   abs_weight
    19   10   2.503290596277067E+004   4.082430601047984E+009   2.503290596277067E+004
    20   10   2.503290596277062E+004   4.082430601047965E+009   2.503290596277062E+004
    22   10   3.019104992301598E+004   6.304509750922074E+009   3.019104992301598E+004
    23   10   3.019104992301591E+004   6.304509750922041E+009   3.019104992301591E+004
    25   10   2.415790782967213E+004   4.128186587191855E+009   2.415790782967213E+004
    26   10   2.415790782967206E+004   4.128186587191827E+009   2.415790782967206E+004
    28   10   3.248456457267571E+004   7.111684736881105E+009   3.248456457267571E+004
    29   10   3.248456457267561E+004   7.111684736881053E+009   3.248456457267561E+004
  </DiscreteSampler_grid>
