  0.00000015789360880  0.00000018556896137  0.00000020412683425  0.00000021941704518
  0.00000023551486710  0.00000025093517743  0.00000026639647324  0.00000028262823685
  0.00000030029167209  0.00000031964205243  0.00000034078260511  0.00000036526435227
  0.00000039249141411  0.00000042274402281  0.00000045629370000  0.00000049269101292
  0.00000053143120978  0.00000057171556046  0.00000061379197248  0.00000065891474354
  0.00000070650502557  0.00000075755283395  0.00000081537750930  0.00000087756635839
  0.00000094768135452  0.00000102473414267  0.00000110812494337  0.00000119939221882
  0.00000130024963508  0.00000140882892668  0.00000152433359966  0.00000164105832292
  0.00000176755699563  0.00000190315213683  0.00000206155387078  0.00000223331218736
  0.00000242308421580  0.00000262589262994  0.00000283905704997  0.00000306756501048
  0.00000330610081938  0.00000356266874613  0.00000383829864109  0.00000413257147038
  0.00000446515855788  0.00000482855792627  0.00000523236268254  0.00000567968992508
  0.00000614821984013  0.00000664566424916  0.00000717659412384  0.00000775779381372
  0.00000840864555114  0.00000911916648786  0.00000991383938812  0.00001074393170605
  0.00001170887973189  0.00001273062244311  0.00001389442791979  0.00001517978733250
  0.00001655126585648  0.00001800331822336  0.00001957210309895  0.00002131075829979
  0.00002335446595819  0.00002567686372234  0.00002825325671335  0.00003116921268230
  0.00003448389960498  0.00003817614648133  0.00004246655361889  0.00004739040978009
  0.00005275033285511  0.00005860873606856  0.00006497151840899  0.00007221438182995
  0.00008063348502424  0.00008999726498756  0.00010126823147817  0.00011383670383388
  0.00012937323934539  0.00014742025697891  0.00016830875499404  0.00019165320839611
  0.00022234951300731  0.00026264041431224  0.00032398599303955  0.00040586159462727
  0.00050364307105612  0.00061297087283749  0.00076550720518582  0.00107868637542450
  0.00185590981758946  0.00355161204291573  0.04825459507373521  1.00000000000000000
  0.00000294864716342  0.00000298027569841  0.00000303971359652  0.00000309864812722
  0.00000316243304193  0.00000323873728951  0.00000333075283603  0.00000342909050173
  0.00000352846719715  0.00000363253515095  0.00000374813475790  0.00000387655910621
  0.00000401375776304  0.00000415379423173  0.00000430361920526  0.00000448061804049
  0.00000466382240976  0.00000484577471407  0.00000503159016526  0.00000523530202387
  0.00000544734381226  0.00000566118772449  0.00000588483685184  0.00000612445204994
  0.00000638523736462  0.00000665782968769  0.00000694900761588  0.00000728918703389
  0.00000762360511656  0.00000799708401922  0.00000840394439104  0.00000882234980090
  0.00000924941646299  0.00000972777208148  0.00001022697390171  0.00001078106032607
  0.00001138167222705  0.00001200014571337  0.00001265820541118  0.00001335923660382
  0.00001408886285568  0.00001487358078228  0.00001573155435013  0.00001665846663933
  0.00001764206724874  0.00001865717902255  0.00001972117238652  0.00002086737110410
  0.00002208625391956  0.00002341766996660  0.00002486488512470  0.00002642126551662
  0.00002818302063518  0.00003003410058889  0.00003198723137811  0.00003407571712487
  0.00003631088831074  0.00003874074360314  0.00004135366306117  0.00004414019937465
  0.00004710967774601  0.00005023164273535  0.00005354426676983  0.00005692981736875
  0.00006075670493874  0.00006476800329709  0.00006928594397236  0.00007395754951832
  0.00007919144380582  0.00008478533732022  0.00009119124388760  0.00009838667313586
  0.00010690885884358  0.00011640655969547  0.00012655888574745  0.00013697536588920
  0.00014853282748748  0.00016123038676009  0.00017525718064986  0.00019159572654088
  0.00021061913638929  0.00023199576243111  0.00025563778856516  0.00028179839167530
  0.00031305776741980  0.00034650533977438  0.00038040408694434  0.00042299797640299
  0.00047516455441375  0.00055254333524269  0.00066898144987953  0.00081305505985018
  0.00105389003275142  0.00141352698005819  0.01678439429858626  1.00000000000000000
  0.00000254177425324  0.00000260918238572  0.00000274867137899  0.00000288308913817
  0.00000302217876168  0.00000314858169519  0.00000328733082922  0.00000342973654898
  0.00000357516395506  0.00000373126732946  0.00000390630277186  0.00000409167121499
  0.00000428442902055  0.00000449007630073  0.00000470020045427  0.00000491311985781
  0.00000514147417847  0.00000538628718215  0.00000562720290431  0.00000586920884563
  0.00000612531235898  0.00000639869115915  0.00000668176138429  0.00000700954529235
  0.00000736676986949  0.00000773778636563  0.00000812368365314  0.00000852199319832
  0.00000893234984077  0.00000937503004478  0.00000985636887615  0.00001036349681590
  0.00001090638548190  0.00001149256676843  0.00001210682752372  0.00001275941904295
  0.00001345636456503  0.00001417416578679  0.00001493305119200  0.00001576473369615
  0.00001663236522538  0.00001760370528123  0.00001860668152719  0.00001966373454164
  0.00002080268537677  0.00002199320245854  0.00002322598194420  0.00002452828931702
  0.00002584135329310  0.00002731862513606  0.00002884686568018  0.00003047153753697
  0.00003222185726285  0.00003411637433268  0.00003615256244778  0.00003838801182397
  0.00004074190286699  0.00004321374147127  0.00004580382506925  0.00004845134298679
  0.00005130268708019  0.00005427268686118  0.00005741462967926  0.00006089362535034
  0.00006479430268479  0.00006892282619470  0.00007334664078903  0.00007826330810749
  0.00008377780667228  0.00008989831208468  0.00009643357443269  0.00010352940283243
  0.00011120605164677  0.00011930863863825  0.00012782115189981  0.00013649424456647
  0.00014636326721984  0.00015726488766232  0.00017017752262966  0.00018569093664477
  0.00020332577772808  0.00022326412424255  0.00024575307428815  0.00027038392959669
  0.00029762359241658  0.00032952977214296  0.00036963323135216  0.00041826972082798
  0.00047544414682626  0.00054439284969790  0.00062810924079356  0.00076433725873726
  0.00101416458135632  0.00136607570449293  0.01199873199589227  1.00000000000000000
 -0.00245808371286490  0.00990103911958001  0.02040704910577011  0.03089099804802404
  0.04149965971693549  0.05230171722619796  0.06300265876668658  0.07332550527803192
  0.08318482905340541  0.09320224893202023  0.10364804062596188  0.11406620186247160
  0.12439175474726349  0.13463888490993423  0.14511559704062646  0.15596093066436739
  0.16677599863285975  0.17792541972104126  0.18895034335220243  0.19978131860432594
  0.21047047306549585  0.22103451469323374  0.23190322178946127  0.24252124760970245
  0.25322641723536532  0.26362110728278942  0.27460990765935228  0.28561586975922226
  0.29628565375229715  0.30645899303241908  0.31662593637452913  0.32737799892506192
  0.33792856501471086  0.34891465404807542  0.35947053083951380  0.37073485324514266
  0.38113780403238989  0.39203856299933876  0.40222307465555907  0.41335343345611292
  0.42397093210258691  0.43459983330770224  0.44483597207136993  0.45482084329532485
  0.46478378893617350  0.47466339185081730  0.48478694308949871  0.49497829626811690
  0.50487163071278118  0.51458413211079979  0.52439116927132823  0.53460730856915739
  0.54527142250874050  0.55582594366118865  0.56624383514859078  0.57655893499043320
  0.58675110776789552  0.59673270402392076  0.60658912321048131  0.61660856593441971
  0.62696759332332141  0.63742080606978990  0.64778502086283662  0.65798155849305184
  0.66803769609232955  0.67814507886492781  0.68851625144900153  0.69936954714846589
  0.71037332513704110  0.72114637966858075  0.73151996655853790  0.74164464033874344
  0.75171150327406577  0.76180733084280217  0.77199363831084933  0.78240604456480911
  0.79315894163223954  0.80408390386741369  0.81495854373639642  0.82573080303977109
  0.83636715966372166  0.84692812510228499  0.85719954610885074  0.86749081046481635
  0.87787652527552562  0.88883183846008607  0.89953796336028591  0.91042819009701692
  0.92123583210232440  0.93239299268863951  0.94381935850056342  0.95490394454743843
  0.96609137252959831  0.97709379835389432  0.98853437027584334  1.00000000000000000
 -0.00254190869022717  0.01060757241967782  0.02097699811397199  0.03148937476181497
  0.04178649637386421  0.05254890618110112  0.06394919720051614  0.07491310723011758
  0.08612682704026312  0.09686909751920345  0.10767748578798210  0.11775857797276949
  0.12829696425856510  0.13816094567857268  0.14829457090670109  0.15847438615164747
  0.16911931960995663  0.17989775263210123  0.19037587798767869  0.20067707565710430
  0.21098447460737202  0.22142309352496237  0.23200064874399617  0.24179705444905031
  0.25139526249498195  0.26085887465581992  0.27092605381462959  0.28101252998257409
  0.29147586631516414  0.30219648919946235  0.31308563221349395  0.32416876809824585
  0.33509337248333326  0.34572181315003442  0.35614974130370930  0.36656254003678895
  0.37708140569176485  0.38721276273863098  0.39731426506939238  0.40785228576852006
  0.41793621745475656  0.42792894221738764  0.43716109532468872  0.44739928885851482
  0.45789369005730884  0.46887395901621648  0.47965880146105239  0.49067281652981881
  0.50166919718913672  0.51200744134849885  0.52198579238524445  0.53199690675017652
  0.54281764517830644  0.55413132521577002  0.56562318995860494  0.57664262173906877
  0.58756827423040492  0.59826964820025430  0.60874288964618195  0.61924774835268792
  0.63011241496260795  0.64086036911840960  0.65107830545144774  0.66082786859106690
  0.67079683366899656  0.68104540662786262  0.69136144147877154  0.70142588006129170
  0.71119243523884557  0.72082202976153131  0.73072574238752452  0.74075509259356020
  0.75068074757813585  0.76028977198424397  0.77005403825003538  0.78002735108903654
  0.79013688569817420  0.80054429359064294  0.81141716946837705  0.82276690298163713
  0.83405867014458202  0.84519062630202202  0.85632604939026369  0.86760013831665694
  0.87881127581431562  0.88994606414456523  0.90115956600757263  0.91248799214941978
  0.92383611743048422  0.93480853115556439  0.94559157590165621  0.95610345453655576
  0.96633532360171193  0.97723319497177052  0.98863852981406319  1.00000000000000000
 -0.00224516887187174  0.00839994737031339  0.01821431200972021  0.02820473537453601
  0.03845565742059212  0.04872176792266777  0.05861361401496915  0.06836650967356689
  0.07791411169533803  0.08807888102117689  0.09906643117802598  0.11018576388123304
  0.12089546106454738  0.13156423916115095  0.14273508082550335  0.15373102608138139
  0.16429332233097257  0.17482605067832829  0.18525148739705202  0.19583727705341653
  0.20646114557103795  0.21727386914815056  0.22829358317334708  0.23886151030088940
  0.24942657895652828  0.25995736882675013  0.27066211433168569  0.28126277294741275
  0.29158868702599428  0.30217021545430078  0.31295649366339362  0.32369493602021121
  0.33451380166488670  0.34566712640412040  0.35694467305716343  0.36805576986185962
  0.37913192120813177  0.38997788326716776  0.40065948788357458  0.41071814428131659
  0.42070072512773016  0.43098144238041686  0.44199838810479636  0.45322525948470499
  0.46423858025549836  0.47513373314592711  0.48579315907474013  0.49592135832501150
  0.50620647041468958  0.51651277732674117  0.52719437553799198  0.53811785321967498
  0.54925914511212914  0.56051717173832516  0.57110408599835571  0.58111159857524919
  0.59058720023470768  0.60014993015674034  0.60992832781365869  0.61961931738030285
  0.62870084271976256  0.63811628909521312  0.64758246198699154  0.65785786843683902
  0.66841669894572742  0.67979391064022243  0.69101648403624782  0.70173565727912601
  0.71247502060475065  0.72338915582970909  0.73422596569560128  0.74460037523714062
  0.75465078178533385  0.76488485218728808  0.77548083732265372  0.78625902673629255
  0.79710517063878550  0.80767679779276502  0.81853467006921654  0.82945072663289932
  0.84042900935159848  0.85143715457742908  0.86237040083501837  0.87282227271073964
  0.88274786384287807  0.89310649824897570  0.90375946036072818  0.91539044746872422
  0.92648394914271159  0.93751486264760120  0.94844908994752597  0.95925871333177515
  0.96975556391172801  0.97985268879793197  0.98997856421944541  1.00000000000000000
 -0.00003642362276925 -0.00002189513129881 -0.00000736663982836  0.00000716185164208
  0.00004407261067186  0.00010283101980481  0.00016158942893776  0.00022436238401769
  0.00029675647176061  0.00036915055950354  0.00043235331890841  0.00049138223574121
  0.00054198253249300  0.00057691493625231  0.00061265624244145  0.00065110518851663
  0.00068974850880623  0.00072883654343142  0.00076840059438408  0.00080865036386581
  0.00084976885992124  0.00089154263733413  0.00093247267793813  0.00097318838057308
  0.00102296405529519  0.00107317036550036  0.00112731874692197  0.00118133885252171
  0.00123450949848789  0.00128847257113323  0.00134627845077570  0.00140406936681996
  0.00146183457365169  0.00152603784645535  0.00159522663696808  0.00166400832190517
  0.00173334049271487  0.00180417806683939  0.00187359497999418  0.00194262913852979
  0.00202246569952632  0.00210493324268576  0.00219079041617645  0.00228021432503231
  0.00236952314450890  0.00245727146434604  0.00254744217857166  0.00263830297925460
  0.00272777757274811  0.00281746292832126  0.00290789727843745  0.00300559269949546
  0.00311249960907516  0.00321974485107924  0.00332841342717299  0.00344137954189631
  0.00354817740656281  0.00365525414305913  0.00377785657104179  0.00387824420189256
  0.00397640149469757  0.00409684730904600  0.00420932708447646  0.00431730781095237
  0.00447432950118004  0.00462953329561954  0.00496439919081054  0.00514628553481980
  0.00532291786164065  0.00553172261462712  0.00575128556599181  0.00593303376654851
  0.00613226814987142  0.00634957824959186  0.00659380900082732  0.00688557491741800
  0.00709720096573662  0.00725030614417356  0.00740385076504222  0.00759059964497457
  0.00810025122825511  0.00830710681021382  0.00852286572927237  0.00877700800062024
  0.00902105234302633  0.00922679245311645  0.00951338254797306  0.00991191130999615
  0.01099323990358012  0.01391347780555098  0.01500361492496039  0.01591095243211506
  0.01665208721941849  0.02421607297366981  0.41470316863610091  1.00000000000000000
 -0.00191481688755882  0.00612607893838211  0.01367426700360391  0.02149692301974297
  0.02980661276162411  0.03845844425893209  0.04729751196506060  0.05633346064407362
  0.06564183298368759  0.07514188232022506  0.08464773355547502  0.09357460402668552
  0.10292720321040157  0.11280239667872557  0.12255889925954946  0.13235447505879747
  0.14212483847923485  0.15231114588339517  0.16273304272077849  0.17309763305609105
  0.18362203030896029  0.19446117007198821  0.20573301407300404  0.21697936723712122
  0.22817600674154825  0.23957420641699281  0.25133129704352131  0.26309262826480911
  0.27473659271858936  0.28651358911109287  0.29865198875705384  0.31073781457479893
  0.32239297712556902  0.33393192790286186  0.34597138321430543  0.35778260516925042
  0.36900422255091681  0.38039509879465910  0.39214498663884167  0.40378339417931569
  0.41534980837898905  0.42698041431090605  0.43875990079638333  0.45044352656272169
  0.46265816711986668  0.47547766208544340  0.48824658802693632  0.50097907076068438
  0.51367575942089450  0.52607773176572947  0.53863877525532233  0.55099549331601838
  0.56326593018246285  0.57500972132726058  0.58683410827640536  0.59865351992448157
  0.61075261579574502  0.62273909237446889  0.63413812786186363  0.64548796231007699
  0.65646356466429279  0.66813785350052635  0.67948633233582201  0.69096277838061582
  0.70237772753047434  0.71371622926491018  0.72509898918642568  0.73658528738369378
  0.74859808242983783  0.76031319536983633  0.77112969465980885  0.78147787668920687
  0.79188354838698882  0.80226181960322562  0.81245138473536949  0.82215285574831010
  0.83168910717205968  0.84118834183858482  0.85085240047020572  0.86049877577717460
  0.86973271857949330  0.87856312829420813  0.88733850770434086  0.89660053010970076
  0.90633924393482090  0.91605410006428467  0.92534695365862607  0.93419839657322545
  0.94249250454239109  0.95046471821730094  0.95839741951296209  0.96660059469972592
  0.97511414283197995  0.98351029072393648  0.99180816552297091  1.00000000000000000
  0.34666717669472757  0.42511902469517909  0.43613989615965060  0.44733667869233501
  0.45591263651794295  0.46643936133556013  0.47742890785297531  0.48776727424886368
  0.49719573700081771  0.50779283798706021  0.51855873799924135  0.52804542811837074
  0.53634235005694353  0.54428964339960506  0.55199822362750106  0.55950743349047760
  0.56697272540655019  0.57375030248029868  0.58083450710231788  0.58795543892427382
  0.59513011021193873  0.60190015182322920  0.60778765589912609  0.61338381839932776
  0.61883168896509910  0.62450967209773356  0.63049369050261495  0.63662355629149159
  0.64294575847729063  0.64926782837863639  0.65567043104502221  0.66192421278086988
  0.66800352933488050  0.67400340161931582  0.67987119241253258  0.68547761038697863
  0.69081419491747853  0.69611419017391118  0.70152526270369753  0.70706856026711118
  0.71273546220661810  0.71838802196566476  0.72381451114879647  0.72899094891404814
  0.73403924640620488  0.73919288601728683  0.74453042039135076  0.74978557926289613
  0.75488851776786192  0.75988271941888308  0.76488796901467826  0.76994411283611031
  0.77498322725210156  0.78004103820901238  0.78522173239251447  0.79039313083597640
  0.79539798677881557  0.80024767554299181  0.80504552190286871  0.80989115685258883
  0.81472950434273206  0.81948411512501251  0.82421388508430982  0.82900767416154741
  0.83393172303088170  0.83902521577004840  0.84410255408367463  0.84905922949726631
  0.85398266947636925  0.85890694205432039  0.86393056413734659  0.86887241546994476
  0.87368182702666974  0.87834218389828200  0.88301010822300985  0.88773559493428256
  0.89255305379399463  0.89745116452716556  0.90241992858642872  0.90739576157778101
  0.91222884479861721  0.91700010184240699  0.92186158915552963  0.92682384703136256
  0.93190406073988008  0.93720293363304419  0.94266529393326048  0.94817295950430014
  0.95361432339225527  0.95906062949967519  0.96450832109514206  0.96989343833586561
  0.97544521170719101  0.98188282692755913  0.99011104456189691  1.00000000000000000
 -0.02448345540288676  0.12490324388753966  0.14430914843142451  0.15940630445373249
  0.17253556327673014  0.18503862163997858  0.19654112512984193  0.20774990694204507
  0.21832643989254499  0.22807380639355582  0.23704608541782490  0.24561181177932459
  0.25403760747548809  0.26235167061114373  0.27050671785451047  0.27858994275009819
  0.28656384094389370  0.29422858471647745  0.30130000081113545  0.30789315587923133
  0.31439351100622498  0.32079260186092712  0.32772435138241707  0.33486531768723515
  0.34195937865824955  0.34894568738145099  0.35551238756138925  0.36194520785630019
  0.36793120604165025  0.37400700633813477  0.38025070325238314  0.38660203957357142
  0.39291623125279768  0.39911420675123077  0.40531637110340801  0.41165021179230421
  0.41795429654196820  0.42402003989564918  0.42991806212059114  0.43579844622242475
  0.44177740064252502  0.44789112844365186  0.45409793471979620  0.46018386377903642
  0.46595223749911158  0.47148823631278475  0.47701079810318858  0.48263272944863295
  0.48843409890514006  0.49421059436071701  0.49982949311013747  0.50544543626782557
  0.51119301239439097  0.51712893712495300  0.52313639175139848  0.52904785906414808
  0.53483751093450049  0.54057350871488663  0.54633584012169079  0.55211570488807082
  0.55790518834840241  0.56387879331563873  0.57014237251875821  0.57653533883272212
  0.58303472909518195  0.58917125959601857  0.59536602318608189  0.60149787187037917
  0.60770375836562140  0.61399033017788496  0.62038135503508507  0.62688460933943224
  0.63348515293270558  0.64012751244090660  0.64699494130168833  0.65397528718759501
  0.66083808790869281  0.66773915484164570  0.67492749349758696  0.68245932999689474
  0.69051764229584034  0.69916413195574378  0.70823663238027845  0.71777588456957264
  0.72764525274508085  0.73781969624830734  0.74827977627133246  0.75932870929643259
  0.77137208087676434  0.78471586032381058  0.79937820406869387  0.81598744346479035
  0.83615704107943423  0.86097659589047448  0.89674491162609482  1.00000000000000000
   4.0956192683969439E-005  -1.0000000000000000     
 F F F F F F F F F F F F F F F F F F F F F F F F F F F F F F F F F F F F F F F F F F F F F F F F F F F F F F F F F F F F F F F F F F F F F F F F F F F F F F F F F F F F F F F F F F F F F F F F F F F F F F F F F F F F F F F F F F F F F F F F F F F F F F F F
  <DiscreteSampler_grid>
  grouped_processes
  1 # 1 for a reference and 2 for a running grid.
  10 # Attribute 'min_bin_probing_points' of the grid.
  1 # Attribute 'grid_mode' of the grid. 1=='default',2=='initialization'
  0.0000000000000000 # Attribute 'small_contrib_threshold' of the grid.
  0.5000000000000000 # Attribute 'damping_power' of the grid.
 # binID   n_entries weight   weight_sqr   abs_weight
    13   10   1.249093612779934E+001   5.169833370467229E+002   1.249093612779934E+001
    16   10   3.077543453233071E+000   3.157173588049829E+001   3.077543453233071E+000
    22   10   1.262906212504659E+001   5.315805281522262E+002   1.262906212504659E+001
    25   10   3.170891254220451E+000   3.339072103021631E+001   3.170891254220451E+000
  </DiscreteSampler_grid>
