  0.00000010300126734  0.00000012979433581  0.00000015219153352  0.00000017841386647
  0.00000020914245575  0.00000024542570238  0.00000028774112521  0.00000033725804623
  0.00000039413854457  0.00000045975403921  0.00000053511753740  0.00000062066534776
  0.00000071957948344  0.00000083671945497  0.00000097229679116  0.00000113221361614
  0.00000131773171012  0.00000152408309160  0.00000176159298603  0.00000202847322544
  0.00000232186484257  0.00000266535864784  0.00000304064620536  0.00000346566367045
  0.00000394941714466  0.00000448038536119  0.00000506862960895  0.00000570018013557
  0.00000638997658480  0.00000714404103283  0.00000794803932751  0.00000882560989919
  0.00000976526665182  0.00001077283085486  0.00001188804182007  0.00001301708719892
  0.00001430275731210  0.00001558921855312  0.00001706482969177  0.00001864744697537
  0.00002035518755760  0.00002221328598780  0.00002428664173616  0.00002648240826910
  0.00002878663593667  0.00003115110081193  0.00003368741539063  0.00003640986602169
  0.00003938407149072  0.00004244958926907  0.00004571711503532  0.00004906277596188
  0.00005277032502516  0.00005676557588835  0.00006101741917661  0.00006598885872613
  0.00007115517225456  0.00007650632655011  0.00008198095792934  0.00008774727461175
  0.00009428418674328  0.00010215408748908  0.00011132945896306  0.00012016960824951
  0.00012867755583377  0.00013696698689452  0.00014517306098055  0.00015335903159517
  0.00016244270527979  0.00017241795282080  0.00018389673139033  0.00019574655377437
  0.00020790910902211  0.00022146242825063  0.00023905733362405  0.00026420640865602
  0.00029252644047261  0.00031657598673176  0.00034300940426357  0.00037257232868501
  0.00041321721969401  0.00046855209697533  0.00057304959822535  0.00069378001563735
  0.00076911736037150  0.00082894981499341  0.00089455294580599  0.00095549009010567
  0.00101714826373302  0.00109979291169148  0.00129970174602044  0.00160084944026717
  0.00191387483249264  0.00226881075048315  0.02114635153301964  1.00000000000000000
  0.00000250601856169  0.00000267057891134  0.00000282619376932  0.00000298998280420
  0.00000316369206468  0.00000335438667463  0.00000355741319156  0.00000377107221155
  0.00000399797141987  0.00000423583645338  0.00000448695654482  0.00000475868724871
  0.00000502525415177  0.00000533095657469  0.00000563721087069  0.00000597533190947
  0.00000633323641547  0.00000671252625189  0.00000712196784897  0.00000755659266404
  0.00000801945014307  0.00000851078229753  0.00000901595542728  0.00000954151312114
  0.00001009063831774  0.00001066441145600  0.00001128415408229  0.00001194496290838
  0.00001265000902603  0.00001341495341608  0.00001420338743412  0.00001502645956811
  0.00001587901390953  0.00001676750760754  0.00001775338972695  0.00001880260466084
  0.00001992920237961  0.00002111424886573  0.00002236192316463  0.00002368968492674
  0.00002516094684572  0.00002675167811321  0.00002843951295340  0.00003022634098160
  0.00003213148369096  0.00003417081480171  0.00003634658299736  0.00003865159369967
  0.00004108667534216  0.00004366410557346  0.00004642348517787  0.00004941835366947
  0.00005280727176432  0.00005624449804478  0.00005973696816486  0.00006323631711235
  0.00006679826678715  0.00007049257049189  0.00007428904731856  0.00007848573131821
  0.00008274972844380  0.00008711556795161  0.00009191433440431  0.00009742363477889
  0.00010346150023578  0.00010959128736372  0.00011587251875131  0.00012295578939411
  0.00013252495243854  0.00014437592601919  0.00015644774402832  0.00016737729484587
  0.00017848652823155  0.00019236638013441  0.00020832781395519  0.00022727408557516
  0.00024563519634633  0.00026808761068925  0.00029345153808811  0.00032331072918931
  0.00035693252644107  0.00038792650150248  0.00041860920863996  0.00044910351117046
  0.00048356832252856  0.00052667756689071  0.00057377693748395  0.00062358974306738
  0.00067389278584824  0.00073074109943828  0.00080635932009082  0.00098109051269259
  0.00132986143524397  0.00168377956030790  0.00881497097055813  1.00000000000000000
 -0.00196293484185575  0.00936062444279350  0.01885430637133241  0.02829394937254108
  0.03767551880249633  0.04683065762392781  0.05604040334860829  0.06526944356814099
  0.07494530384930227  0.08459089917086624  0.09438260269396538  0.10413569696296532
  0.11393032334798969  0.12353571556165199  0.13286663482763353  0.14202681546596194
  0.15149635867213043  0.16139901757180813  0.17150168222276010  0.18163193170179220
  0.19136745146864942  0.20093538488266971  0.21046457746576719  0.21990776450508032
  0.22931971886150909  0.23869273164272331  0.24821250162106065  0.25819004527966943
  0.26845497017357134  0.27848513675538417  0.28832930519427302  0.29830547829205506
  0.30858837531120731  0.31906741778829240  0.32939440436709910  0.33957756505821562
  0.34981766051558549  0.36019432289315512  0.37065570776240458  0.38114517078388865
  0.39140560199164970  0.40176365255976715  0.41220057273245492  0.42292875329839730
  0.43382636137794478  0.44492731748375230  0.45620560202775218  0.46736925933560841
  0.47849663519099100  0.48964374261973542  0.50089565954720949  0.51217433513031563
  0.52331929190621140  0.53434411794823355  0.54527678850177663  0.55623948831211856
  0.56726120649912526  0.57830463109988317  0.58953626579312901  0.60086024766877166
  0.61215088362022918  0.62339178451263244  0.63468631233282613  0.64624341228851812
  0.65801470461584943  0.66982847457449579  0.68139788104853560  0.69285077231519765
  0.70429786537313033  0.71578669165786868  0.72751847930102198  0.73954579719531499
  0.75140299840725200  0.76291419199367716  0.77380432606695881  0.78468094990935522
  0.79544028084760643  0.80641008370806344  0.81742255519460894  0.82789084972179938
  0.83807409183925807  0.84785786451821255  0.85780044843354930  0.86776775665272843
  0.87789037332286124  0.88837764378894779  0.89888430600671232  0.90982366597768938
  0.92062357108384674  0.93140125095898330  0.94225579543053428  0.95307015633081493
  0.96403482637676785  0.97510999135558440  0.98727474656180014  1.00000000000000000
 -0.00263321659250497  0.01022821937822819  0.02053402438298281  0.03150766036987531
  0.04211401972067102  0.05279027606559473  0.06328418113688830  0.07425808697150900
  0.08485369563095888  0.09597771309150158  0.10682116079951563  0.11828160554494277
  0.12940654584367373  0.14075808437122919  0.15165795696988629  0.16222277393202583
  0.17249201966439470  0.18270895766900408  0.19308737620138774  0.20353927864707433
  0.21381135100175955  0.22400193541407851  0.23441355704167491  0.24535015882423877
  0.25630533822804424  0.26630668924402218  0.27640060924551413  0.28684635444487183
  0.29810370239196676  0.30909514048877368  0.31939808913437190  0.32924172941273672
  0.33924269001599872  0.34975177568565186  0.36043647873230028  0.37106033858279613
  0.38164075146104082  0.39262936858017639  0.40380038609143659  0.41480963426205358
  0.42555220817673406  0.43619254211207975  0.44688949061861466  0.45754767178429245
  0.46795305016166577  0.47865206020754136  0.48908547562130694  0.49956421116272787
  0.51032487837301266  0.52161925012681731  0.53245502795789479  0.54297657050645121
  0.55264804593043326  0.56241733710145236  0.57170212576139279  0.58159915277444607
  0.59175480670526504  0.60189321503686222  0.61158902370628232  0.62114561131884238
  0.63117792910623782  0.64165437726938190  0.65249703916241897  0.66331075268208062
  0.67448687112168115  0.68532622813287158  0.69619758512192276  0.70668072332455001
  0.71740722381540989  0.72758608937517366  0.73758829544045690  0.74721380667544834
  0.75753054983650636  0.76786108807418074  0.77822403858583389  0.78888136361299532
  0.79973134201588625  0.81092528266231068  0.82184299502388491  0.83288572433218766
  0.84338018639691859  0.85368466003478749  0.86370996299266256  0.87350371508471547
  0.88342813789185926  0.89352891204825569  0.90466018613347443  0.91577564682950208
  0.92698502161251251  0.93821264797034809  0.94929885996412555  0.96031790059711841
  0.97029300567915855  0.98013474082276031  0.98994034912314033  1.00000000000000000
 -0.00244397341497296  0.00971323045782777  0.02026835425162178  0.03097038794615837
  0.04170437350533820  0.05205633939524769  0.06251540579077985  0.07283584269429608
  0.08319466129915951  0.09347095104264846  0.10407169941549750  0.11472575677862790
  0.12540301967236867  0.13550273568671900  0.14567736343578933  0.15587007639761352
  0.16596642787929791  0.17599926191350088  0.18616371044273733  0.19659826623122012
  0.20702851651135584  0.21732299754014070  0.22777894872111609  0.23821240094020882
  0.24898530383925904  0.25993594758291322  0.27095002409687075  0.28175928832747382
  0.29264949438248772  0.30379575425526306  0.31503293747475064  0.32573965728347054
  0.33602165338746420  0.34622280044636627  0.35628451112860410  0.36693501905443887
  0.37739629945281855  0.38788048055668289  0.39869166976431902  0.40988318448686278
  0.42113351886348005  0.43209468421678737  0.44279925911415113  0.45353856037945278
  0.46439667011978275  0.47543308609167734  0.48634993192371051  0.49704410822995337
  0.50712538400988449  0.51691537114069297  0.52658506468806610  0.53633091450146930
  0.54595846900074019  0.55557525045182299  0.56516779360210756  0.57514264068581278
  0.58544365304364387  0.59629075048405666  0.60741037795269193  0.61864860331688920
  0.62954855168134827  0.64038940358978746  0.65121658270091309  0.66209580989632422
  0.67326891839643610  0.68447950138243840  0.69570025584328754  0.70660907976015475
  0.71706790693061606  0.72743853165588168  0.73804461724309312  0.74879458431575829
  0.75960648345646187  0.76995905754264560  0.78040665218192595  0.79064315983342115
  0.80089949232704416  0.81123363739344823  0.82150358702837656  0.83189079834599389
  0.84202270193388473  0.85280559688767532  0.86385847794493453  0.87512296023922009
  0.88573359661539020  0.89665281559548904  0.90738568782675078  0.91822147416006927
  0.92876810953459521  0.93948921303591859  0.95015327966382246  0.96020157614399759
  0.96989002943986224  0.97987353412784672  0.98995775600672886  1.00000000000000000
  0.13826447283778728  0.15169344345579136  0.16984436986423196  0.19667464606971025
  0.21246595430351703  0.22596730106710655  0.23946276449732457  0.25229821801968627
  0.26494949227624010  0.27720547376493548  0.28892461105143574  0.30035718534560035
  0.31194375193608115  0.32335915496320061  0.33458598852941401  0.34569302708204896
  0.35696720380616759  0.36816423237816032  0.37905701812306097  0.39004481348090803
  0.40100747265576775  0.41204626789206600  0.42259841179079682  0.43301380707228626
  0.44338691024952176  0.45371238149972093  0.46372857741714479  0.47359763838660124
  0.48348766494497458  0.49331681645336312  0.50303478936019563  0.51271829033997218
  0.52241062871883859  0.53209179617966385  0.54176182729866607  0.55132381219941162
  0.56073714076572190  0.57004356699762648  0.57923616918929932  0.58826505543324747
  0.59704215532445370  0.60566639140743028  0.61421592279329884  0.62286654677587716
  0.63144854193893174  0.63973884197923914  0.64779261612170391  0.65577472942523540
  0.66377988452155434  0.67189796832645976  0.67996166448467388  0.68801389303349847
  0.69593798847398680  0.70391201404241588  0.71189228800573467  0.71978800814103772
  0.72751117442815116  0.73509867484852687  0.74265903221811969  0.75019686830925680
  0.75776677465685915  0.76535887722604634  0.77291886054278314  0.78041349370768098
  0.78777685656581176  0.79492775466655197  0.80182938819982408  0.80885464080353897
  0.81583857646659153  0.82281679803072427  0.82977268341265387  0.83668011864222835
  0.84351439423163044  0.85011731049402151  0.85684448603546204  0.86347973322032578
  0.87011635932438780  0.87661949376533022  0.88317807732950204  0.88982340254545200
  0.89648206117339391  0.90307096012386623  0.90961859820401403  0.91616496617807042
  0.92258507531162048  0.92896461964927923  0.93542265217714071  0.94205032615787876
  0.94857243806760316  0.95500664549493641  0.96150288874863465  0.96821405982745035
  0.97511657750001368  0.98237644860590456  0.99076026886309210  1.00000000000000000
  0.09332698922752321  0.21666142844357789  0.23047252686757230  0.24208653013468873
  0.25342267737324409  0.26401314611942012  0.27569623317294240  0.28684386799099892
  0.29732790194042524  0.30742866844972377  0.31745973456291021  0.32756564274835620
  0.33783462297841915  0.34807313135261164  0.35785859997082498  0.36713383581749059
  0.37609965591136912  0.38477192800953730  0.39327020506948857  0.40147323196470980
  0.40951842680482858  0.41753543266536541  0.42551549731423011  0.43350901957931520
  0.44134012697376135  0.44905312839208039  0.45684054004889640  0.46463873811532574
  0.47241526926973171  0.47987049427279360  0.48709299826445157  0.49429068966303596
  0.50157298683340279  0.50872959155821595  0.51569016100408271  0.52257174695661746
  0.52936995871755377  0.53625981054574201  0.54318154535163687  0.55004510523187888
  0.55683371970857054  0.56360243787054631  0.57032042625061508  0.57704649636503180
  0.58357770175011725  0.58986257967824951  0.59607842125532817  0.60225773309861508
  0.60841148670184642  0.61447200461361740  0.62038565892271991  0.62630791417823917
  0.63208499619262437  0.63812769709592276  0.64403840726405226  0.64996241015605805
  0.65582312710230284  0.66173504762035484  0.66774982372275304  0.67372650996416494
  0.67962184484362909  0.68546500682540601  0.69133905990414635  0.69738147794324923
  0.70335926740669719  0.70936047440475425  0.71506798466089339  0.72075397621665527
  0.72636470017275001  0.73185824865761795  0.73721530890673403  0.74252628504750084
  0.74782000878869248  0.75317813825042301  0.75862296084898440  0.76403863339532851
  0.76948596281397008  0.77504104967596199  0.78068579317996756  0.78656326481967664
  0.79279349311946701  0.79869051325095453  0.80449890359803178  0.81027820158672126
  0.81668019852604945  0.82350225136466071  0.83060058892293198  0.83818398585828569
  0.84572806966471181  0.85332785211466167  0.86168707657165411  0.87149220005902239
  0.88381082247537890  0.89936670871484414  0.91857448347923720  1.00000000000000000
   2.1269420763130576E-004  -1.0000000000000000     
 F F F F F F F F F F F F F F F F F F F F F F F F F F F F F F F F F F F F F F F F F F F F F F F F F F F F F F F F F F F F F F F F
  <DiscreteSampler_grid>
  grouped_processes
  1 # 1 for a reference and 2 for a running grid.
  10 # Attribute 'min_bin_probing_points' of the grid.
  1 # Attribute 'grid_mode' of the grid. 1=='default',2=='initialization'
  0.0000000000000000 # Attribute 'small_contrib_threshold' of the grid.
  0.5000000000000000 # Attribute 'damping_power' of the grid.
 # binID   n_entries weight   weight_sqr   abs_weight
    13   10   5.773209863056758E+004   8.899088066087423E+009   5.773209863056758E+004
    14   10   5.773209863056757E+004   8.899088066087416E+009   5.773209863056757E+004
    16   10   1.424167509356293E+004   5.552674455022286E+008   1.424167509356293E+004
    17   10   1.424167509356293E+004   5.552674455022285E+008   1.424167509356293E+004
  </DiscreteSampler_grid>
