  0.00000246452982923  0.00000251207266050  0.00000259706397412  0.00000267548932687
  0.00000275824083397  0.00000285756574473  0.00000296730498614  0.00000308517634092
  0.00000321607974595  0.00000335557647405  0.00000349565634159  0.00000363051859971
  0.00000376178673064  0.00000389949305175  0.00000404976332859  0.00000419782119679
  0.00000435466389551  0.00000451455954367  0.00000467547643628  0.00000484318157497
  0.00000502231864805  0.00000521883702807  0.00000541646277501  0.00000560439014885
  0.00000579677228189  0.00000599534234068  0.00000620294827264  0.00000641484009139
  0.00000662278243909  0.00000683679730120  0.00000708155116213  0.00000733026178548
  0.00000758459312857  0.00000785256565603  0.00000815809813868  0.00000849491181165
  0.00000883406863585  0.00000919542616053  0.00000958258064585  0.00000998126907808
  0.00001037997500499  0.00001077247313337  0.00001124913765864  0.00001173202836931
  0.00001225500338468  0.00001282754011132  0.00001343684563402  0.00001406664495942
  0.00001471596321362  0.00001542921576794  0.00001615580304578  0.00001695419901071
  0.00001784870567356  0.00001879284846324  0.00001981110660071  0.00002093446579163
  0.00002210063280158  0.00002341547858029  0.00002482287726477  0.00002631669084129
  0.00002789653525187  0.00002966030279549  0.00003164467655866  0.00003392747260962
  0.00003654636443659  0.00003943883618649  0.00004258331283652  0.00004597041238365
  0.00004979521257158  0.00005407826066966  0.00005854611928050  0.00006351489107426
  0.00006951321374049  0.00007678930854025  0.00008497770975876  0.00009449726461541
  0.00010594565185877  0.00011991069211494  0.00013503992010583  0.00015264378336648
  0.00017487559751802  0.00020391963962212  0.00023729267573585  0.00027538948182281
  0.00032443632430003  0.00038877642568902  0.00046400542479351  0.00056164129482258
  0.00069861984900211  0.00092484109747149  0.00125538909556649  0.00163946387220313
  0.00214529313272029  0.00268682318750584  0.03577434939222337  1.00000000000000000
 -0.00534918564924250  0.02687181971401894  0.04411302467002368  0.05769958131656283
  0.07033810389632311  0.08298720188839068  0.09601968453960710  0.10915840759491621
  0.12187963427925702  0.13389533849766419  0.14537245979285393  0.15654259639064047
  0.16802271919470810  0.17978261243316587  0.19143369444038288  0.20248035516294394
  0.21279639538522455  0.22276427926429401  0.23260846777605307  0.24308921556668042
  0.25374805056056832  0.26456553281381118  0.27521856028662578  0.28573313056739102
  0.29650272503703889  0.30752801875535002  0.31856089694162970  0.32930549742026699
  0.34004975047047153  0.35075954557314049  0.36125856882911783  0.37153543908848663
  0.38191168856629082  0.39238166492586996  0.40317344682667688  0.41396520447559854
  0.42482805863505207  0.43458813543859476  0.44405032077078593  0.45374871058661409
  0.46397844876241739  0.47420517739774454  0.48353201027867837  0.49277252018696155
  0.50181239195566385  0.51070825979165124  0.51945074028049076  0.52822897624044440
  0.53771706414147491  0.54833226137954683  0.55910530790357049  0.56940958956171517
  0.57933325404228242  0.58921814012176810  0.59951039131455597  0.60956265565012957
  0.61930393510046078  0.62876746018264984  0.63821107772528818  0.64736627211562936
  0.65610110077200900  0.66474082034199689  0.67359633887083148  0.68286995946355478
  0.69209500151082237  0.70136952013994180  0.71076675277873758  0.72038195855071396
  0.73018504864525235  0.74109140396729234  0.75233523590490192  0.76289122881574778
  0.77277775641440438  0.78186430081046099  0.79069165174396960  0.79942670406721805
  0.80863758267675467  0.81822985322972430  0.82867626712725229  0.83923052551390220
  0.84983151231057519  0.85981566168326251  0.86950280609110620  0.87924486532975676
  0.88943041957592006  0.90011661519174979  0.91070471190988778  0.92073609202798279
  0.93099773896559224  0.94124180609180774  0.95175370444428875  0.96209410151573094
  0.97216151419388575  0.98178252202090799  0.99092011059455876  1.00000000000000000
 -0.00171450962602323  0.00591377010112215  0.01266332405253441  0.01938448832920260
  0.02636918396884669  0.03362810409337186  0.04131448588187180  0.04914834381824437
  0.05689234501343348  0.06454687922385505  0.07208223879086893  0.07978989471109170
  0.08755506278113312  0.09572678922268554  0.10471002362492050  0.11394307084694918
  0.12354037681953392  0.13274835346514099  0.14149292703772381  0.15042151643613882
  0.15997417924669541  0.17021247141982326  0.18173550285198115  0.19311844373228274
  0.20441739596530711  0.21527202953602093  0.22630663704452147  0.23573816844831361
  0.24516446277131462  0.25493816294542193  0.26527812430692027  0.27571209114849343
  0.28559786708820839  0.29601812326807142  0.30655290381040251  0.31709783621501730
  0.32755507746672846  0.33820370180329534  0.34930604577084584  0.36032395400334244
  0.37113212943529089  0.38165695144126494  0.39229947998455345  0.40318029775599756
  0.41414846049777304  0.42498083114789725  0.43592188569915252  0.44690986777349440
  0.45769250424502678  0.46843274632630028  0.47916788302778290  0.48995486695145657
  0.50106188796113071  0.51238580947455326  0.52379641846082414  0.53469496514692783
  0.54560166189611137  0.55638595078569841  0.56746088673822004  0.57860139837606472
  0.59049060398930675  0.60220196680149463  0.61360160245254691  0.62473114112366224
  0.63646059013530065  0.64912368804785092  0.66194435039591237  0.67523062065379569
  0.68769042508580325  0.70012389266679009  0.71232133255034547  0.72437924270236664
  0.73625547487909404  0.74832132573998700  0.76138256074263422  0.77459955431130856
  0.78677445825195880  0.79833067636249833  0.80963816348299478  0.82111803464342659
  0.83309592365266005  0.84558820216073460  0.85772778090261903  0.86895261124756984
  0.88030443238057166  0.89195186787135805  0.90349229451862889  0.91522440943195704
  0.92729247738432108  0.93933483042181076  0.95116977096073030  0.96145076253184580
  0.97132726974860240  0.98071833718632895  0.99062061273542301  1.00000000000000000
 -0.00250985283777740  0.00996246071454300  0.02036891495020333  0.03200081657076192
  0.04324993683664601  0.05503026659325647  0.06613903013267818  0.07694219888573454
  0.08758251828688716  0.09798447906109364  0.10847008674762926  0.11890913225176855
  0.12917224149925319  0.13927485606540538  0.14935525798285881  0.15952040455260871
  0.16978458328046336  0.18041323429177711  0.19119123438489605  0.20151744241225925
  0.21114948455523513  0.22046662101907816  0.22997714675100825  0.24009670664353211
  0.25117401084013175  0.26329651588112934  0.27481980010097390  0.28540849332616058
  0.29524119406862748  0.30517321793035168  0.31487955457941486  0.32422242607341006
  0.33316754028084405  0.34255488438781578  0.35266923134112549  0.36293677823769122
  0.37301615180635517  0.38301607499077439  0.39316970677302115  0.40344892286282602
  0.41358384390298575  0.42334246931826175  0.43309217691381513  0.44345898571643277
  0.45450418249241170  0.46539173430270758  0.47633150038426042  0.48705653501156643
  0.49758859130326488  0.50784638067355836  0.51816386189222430  0.52834528030797601
  0.53846307992297748  0.54823028581910649  0.55797747412607546  0.56785475586730105
  0.57810841532036938  0.58890925509982128  0.59981905800717783  0.61047423259101008
  0.62080435171712212  0.63127440025495807  0.64178155758329603  0.65195609093361784
  0.66199045319662519  0.67225910088690310  0.68293202860666180  0.69373656529032857
  0.70467429092419320  0.71595571615863485  0.72752443188413518  0.73969085213234853
  0.75200669185863700  0.76394556608278186  0.77584481275481587  0.78782189988717966
  0.79952786617450311  0.81082206852768102  0.82195012117056865  0.83288583826751961
  0.84343964015380135  0.85366926058513037  0.86408735562540295  0.87427916743782796
  0.88387645591088604  0.89353065573518564  0.90390179148844862  0.91483805784731154
  0.92496950701600356  0.93468134239556511  0.94483294488604230  0.95538605027289436
  0.96593324946525772  0.97668375972779975  0.98788458957251368  1.00000000000000000
 -0.00138568971261470  0.00884982005577008  0.01778958357669354  0.02722274043379561
  0.03671802256000600  0.04546966328438744  0.05438311819087273  0.06352795357169953
  0.07513005708640390  0.08646987475462660  0.09771534208391565  0.10914172903441499
  0.12037751630679551  0.13126617299544854  0.14174004591426470  0.15170257800066661
  0.16153199785687428  0.17170430130828665  0.18247931010202478  0.19383058535788308
  0.20512044533576818  0.21665230738087313  0.22715596802828472  0.23759011699940946
  0.24789679439495071  0.25972004150404626  0.27144323797731545  0.28272134824057643
  0.29355564981305232  0.30457727722460920  0.31524543899943708  0.32563613972199956
  0.33673845580834555  0.34852602866656224  0.35936384661232956  0.36979667036900293
  0.38021502385947631  0.39058435543199577  0.40056596452099869  0.41033967898142543
  0.42080793521774851  0.43181543134734351  0.44296137108717393  0.45336116937337440
  0.46400494768105582  0.47481373516994307  0.48557476365897723  0.49589295118387033
  0.50628221365799209  0.51653476231233375  0.52656211868415315  0.53655749447289136
  0.54683824718492535  0.55768229200366726  0.56861337958419511  0.57941548264177734
  0.59025617508778050  0.60130170103438529  0.61257719121669096  0.62364656205135549
  0.63465796499941840  0.64508080921354749  0.65485561045606688  0.66480434276413169
  0.67484458734231412  0.68469603780316868  0.69440673312551571  0.70433738399489310
  0.71420754117875718  0.72422483745937927  0.73426286741958524  0.74409669113082144
  0.75368997868926579  0.76304456633250972  0.77271200926143591  0.78323369070145099
  0.79401047101171907  0.80428007855179307  0.81447436056150047  0.82478906397920115
  0.83588245833490671  0.84720432624949482  0.85779372101107187  0.86933538416121048
  0.88124472521193509  0.89339322765020313  0.90449385786004921  0.91501511612592479
  0.92687921058445000  0.93754095082449007  0.94817608243015195  0.95859726960367253
  0.96898633468742268  0.97921826441502580  0.98948239206203514  1.00000000000000000
 -0.00253425227306944  0.00921328989395127  0.01947362197175013  0.02980188558334295
  0.04036904384442584  0.05114531438029447  0.06189341470517885  0.07261009717042437
  0.08312353204580146  0.09328068659505791  0.10340675790930914  0.11378152104499731
  0.12496627780462834  0.13690320568616240  0.14881449445690140  0.16025804098155000
  0.17163217544004475  0.18334823575819229  0.19444480041704071  0.20513652428239976
  0.21589534940059801  0.22670850740363888  0.23753264074597527  0.24866027723823858
  0.26036827090163212  0.27181948568123093  0.28243354894648298  0.29311960636289808
  0.30436600780052259  0.31570109977986871  0.32620505136587408  0.33689318486712438
  0.34771222451571210  0.35838422458490143  0.36883700444077572  0.37896907979327071
  0.38890920849712346  0.39853931680184046  0.40811773416817315  0.41786300202183058
  0.42790519743754629  0.43801518733142381  0.44772234691978730  0.45635659183550070
  0.46583867824267183  0.47541757668922346  0.48556384694274635  0.49478500114121987
  0.50431295308319468  0.51421374035723777  0.52420564336166997  0.53426286949483348
  0.54448026421436369  0.55466420092636937  0.56422882260555540  0.57363992834882616
  0.58281477099976475  0.59316865900501059  0.60387860516254488  0.61464069929291298
  0.62546639887171140  0.63632151696976236  0.64751077006053892  0.65874940876494348
  0.66967646788738122  0.68040658356103600  0.69109387990094173  0.70215699494002115
  0.71370151738625254  0.72487723938857151  0.73547289201500277  0.74569213755371622
  0.75652787132292587  0.76803955420725012  0.78014714790843376  0.79145849683278358
  0.80235827172555230  0.81295800741591973  0.82400430697104265  0.83496517875438903
  0.84567099043137184  0.85594112664135391  0.86550793345346899  0.87495985888718286
  0.88425865085869271  0.89404192205746469  0.90423718029637623  0.91452884263642686
  0.92501823138321770  0.93504656503243455  0.94567578436192079  0.95652000813047555
  0.96754251220990128  0.97845651158064173  0.98917966536164481  1.00000000000000000
 -0.00311764776706307  0.01450794796661109  0.02867207079148051  0.04295058624566396
  0.05614494549540695  0.06947202420901721  0.08262785124787053  0.09550309816038498
  0.10778033054520046  0.11935054191971763  0.13084203731032074  0.14258454784923152
  0.15455360598946316  0.16687166284411334  0.18014406729441723  0.19359843538764387
  0.20631646664555583  0.21781455998611432  0.22874859769982953  0.23968130305014618
  0.25077702125352674  0.26184195556115958  0.27308980258530879  0.28466136889264804
  0.29616324817147188  0.30742706534534309  0.31879106401561441  0.32976210216631607
  0.34060804313693094  0.35119359129504296  0.36168464797868416  0.37252143234042245
  0.38372669701643225  0.39509104035895132  0.40588448339643396  0.41611515786376663
  0.42613649587176550  0.43647235037157045  0.44708644026839006  0.45796586233205738
  0.46849013958220143  0.47897850195056907  0.48945992554972267  0.50000131894281319
  0.51074576355986256  0.52106028198349785  0.53151058552865404  0.54202028416401693
  0.55285060264106900  0.56396362072350015  0.57506264194704571  0.58656966383212295
  0.59876483032954664  0.61116705433978114  0.62314706969633493  0.63475841316919634
  0.64611979535939212  0.65727153213612999  0.66798307611542929  0.67835126527787537
  0.68857151910209546  0.69862692319100506  0.70849835155274665  0.71828712407319784
  0.72855887572897238  0.73911265667530501  0.74960557715871345  0.75955816144454458
  0.76932093411721914  0.77881329951618483  0.78791248197513430  0.79672610152540313
  0.80561737162241132  0.81486722287030855  0.82425617912978444  0.83367372925226069
  0.84277747046279883  0.85182416740661748  0.86093764357598512  0.87049964680446967
  0.88010455140340338  0.89003012127111758  0.89975471728195688  0.90892327666232609
  0.91748850461169407  0.92611396740496921  0.93441877666071294  0.94229172593562316
  0.94960054420890350  0.95681441666888645  0.96404035873061389  0.97116589525863128
  0.97816854496297090  0.98506494129233713  0.99213720754501633  1.00000000000000000
 -0.00268167472171650  0.01030232782926259  0.02188873241118584  0.03317539888420967
  0.04431704353073414  0.05492387641766339  0.06521976243050981  0.07541788571988897
  0.08572299797071789  0.09643381170095583  0.10731078468158589  0.11793516525715417
  0.12827922391135221  0.13876122913645095  0.14965570036420955  0.16008908144004083
  0.17067133320130459  0.18125769121563545  0.19232849039018948  0.20297133234968745
  0.21351524811341127  0.22454191779609631  0.23546866044710449  0.24618865553059280
  0.25671805463348091  0.26773618522902126  0.27985650956074132  0.29212268535889563
  0.30332953616882202  0.31356859560913980  0.32350655834613284  0.33354993165870134
  0.34355739599780349  0.35364129446967363  0.36406509473226667  0.37475471863031740
  0.38579045320056798  0.39677735174562351  0.40755234290904291  0.41796420511219767
  0.42840232367973763  0.43939869693076494  0.45073427154414830  0.46142535858728179
  0.47187777607368436  0.48268547232816833  0.49339625462597642  0.50336960819154930
  0.51305122664117053  0.52269029368899511  0.53244360620186992  0.54257004085815153
  0.55319238508024415  0.56363823443393479  0.57354035243937973  0.58388853741894786
  0.59476495052978773  0.60498112390320102  0.61512845232792723  0.62503818988000304
  0.63469378184310932  0.64439827037618358  0.65400109507047954  0.66448033427664366
  0.67468794403688814  0.68572164737285435  0.69694697932711924  0.70888177443001910
  0.72061019770456347  0.73306989346702578  0.74592853583014751  0.75780012059183699
  0.76890811260436809  0.77970553181320823  0.79048923058679332  0.80071987401038569
  0.81092747349344940  0.82146779865432673  0.83229030689102934  0.84272599333331710
  0.85301875561350049  0.86338007424200658  0.87315141923347117  0.88299177434018838
  0.89272904490198490  0.90298589369475524  0.91285975119331886  0.92248425543133872
  0.93213519253065791  0.94199363609415054  0.95220946693442043  0.96229436501267462
  0.97208369657763516  0.98135067225814743  0.99084397426981452  1.00000000000000000
 -0.04013606854623451  0.38193107818120159  0.54273885425183765  0.61576360207063507
  0.68207522677579868  0.71404297403590766  0.72660060044884123  0.73680500770401314
  0.74522486012734457  0.75254642867289145  0.75919260354168072  0.76529319605533530
  0.77093697919709170  0.77599643814752528  0.78062607912458248  0.78551757970125091
  0.79033828144740903  0.79487161522006256  0.79919088513525727  0.80322712738539170
  0.80709119047809197  0.81086368655787422  0.81447332994433974  0.81772837862343539
  0.82103585808364232  0.82436409404309419  0.82766939691899133  0.83099305803561374
  0.83409194179538748  0.83698855814293438  0.83984569250330254  0.84246677082968768
  0.84505144174835034  0.84775791720288018  0.85058307973246183  0.85342666939231038
  0.85618256559118122  0.85874011618851442  0.86126946170964669  0.86388806411518615
  0.86659047895740760  0.86940130019464001  0.87200738350720675  0.87448113762641067
  0.87675920113176087  0.87906096987231341  0.88136312772534464  0.88378764433416845
  0.88625298071566116  0.88869222757529664  0.89106299857447158  0.89334768460958125
  0.89557610372327801  0.89771851656148582  0.89987829650528595  0.90206922982813609
  0.90425553520311486  0.90641631526945576  0.90855569557618254  0.91067616182869393
  0.91277491467693128  0.91485590667145300  0.91692568180881706  0.91900812546745769
  0.92108793641469155  0.92323837642040274  0.92543305991364944  0.92767407611454544
  0.92992702116179848  0.93212492532057156  0.93427167208528150  0.93637471079291779
  0.93851054565302217  0.94068582749908203  0.94287680770023585  0.94501141932487587
  0.94704647004776155  0.94901455952537139  0.95097444506196371  0.95300511266177079
  0.95524381714860740  0.95754314404505325  0.95978378397639663  0.96217540152842940
  0.96467941742129482  0.96724377410324147  0.96989310990002309  0.97261698075879877
  0.97529781440171004  0.97808700787725755  0.98091559270824225  0.98394626847006483
  0.98716572277629189  0.99073229868187274  0.99501428029433392  1.00000000000000000
  0.04541816123069138  0.08731672797608996  0.11089667863303616  0.12782840769300438
  0.14075264224250192  0.15218359932685518  0.16266588950646624  0.17196757712264674
  0.18002058472035382  0.18754509839564329  0.19447117637650757  0.20140580587559581
  0.20834607006735664  0.21479096842905454  0.22054757025391922  0.22595342186001874
  0.23101843712029724  0.23609007582839067  0.24122130901075323  0.24670124524880416
  0.25232114611944761  0.25794606395359715  0.26351940085345688  0.26888433579097742
  0.27436774858492147  0.28028271322029202  0.28653340336137839  0.29287060385727870
  0.29904083747640037  0.30484375440160760  0.31050478933835218  0.31621643872558020
  0.32210469503093014  0.32813866301318473  0.33414646577343299  0.34002777067727691
  0.34587021427028020  0.35171834185643464  0.35765730181209210  0.36348282918947838
  0.36938578698170821  0.37522932354197003  0.38103535337480032  0.38696441938916104
  0.39306737048548290  0.39918727490026190  0.40506839493527341  0.41077493371640683
  0.41656496396275106  0.42265510706470083  0.42917403674986077  0.43588490406501385
  0.44233806844675133  0.44879087905176451  0.45496740236604438  0.46150872953901306
  0.46867132423599273  0.47576916975435302  0.48289374301939242  0.48997623118597083
  0.49728360492741552  0.50477564709145872  0.51222237036565943  0.51930612230372331
  0.52637780924315059  0.53358560299003976  0.54136297448581150  0.54932516611653059
  0.55734121193009700  0.56611641274598212  0.57488562840912771  0.58381521708319983
  0.59163975751995102  0.59987287477922102  0.60818363394510244  0.61695235220600009
  0.62605158247689519  0.63553523699806524  0.64503699812909998  0.65560079290224338
  0.66630733857149649  0.67755356164496006  0.68949533274831054  0.70180950563724165
  0.71442234285437167  0.72781996970263874  0.74147115064330260  0.75546959890772702
  0.77054917275137425  0.78886468228437523  0.80864803239015415  0.83127958134134639
  0.85609925918412910  0.88116670692845278  0.96260979012988213  1.00000000000000000
   1.2720336886698589E-004  -1.0000000000000000     
 F F F F F F F F F F F F F F F F F F F F F F F F F F F F F F F F F F F F F F F F F F F F F F F F F F F F F F F F F F F F F F F F F F F F F F F F F F F F F F F F F F F F F F F F F F F F F F F F F F F F F F F F F F F F F F F F F F F F F F F F F F F F F F F F F F F F F F F F F F F F F F F F F F F F F F F F F F F F F F F F F F F F F F F F F F F F F F F F F F F F F F F F F F F F F F F F F F F F F F F F F F F F F F F F F F F F F F F F F F F F F F F F F F F F F F F F F F F F F F F F F F F F F F F F F F F F F F F F
  <DiscreteSampler_grid>
  grouped_processes
  1 # 1 for a reference and 2 for a running grid.
  10 # Attribute 'min_bin_probing_points' of the grid.
  1 # Attribute 'grid_mode' of the grid. 1=='default',2=='initialization'
  0.0000000000000000 # Attribute 'small_contrib_threshold' of the grid.
  0.5000000000000000 # Attribute 'damping_power' of the grid.
 # binID   n_entries weight   weight_sqr   abs_weight
    19   10   5.778103586703187E+001   1.180109584634663E+004   5.778103586703187E+001
    20   10   5.778103586703187E+001   1.180109584634662E+004   5.778103586703187E+001
    22   10   7.422407601396824E+001   1.929367794616061E+004   7.422407601396824E+001
    23   10   7.422407601396823E+001   1.929367794616060E+004   7.422407601396823E+001
    25   10   4.911691373021578E+001   8.226544634208933E+003   4.911691373021578E+001
    26   10   4.911691373021578E+001   8.226544634208933E+003   4.911691373021578E+001
    28   10   6.199799494409625E+001   1.318060540561060E+004   6.199799494409625E+001
    29   10   6.199799494409623E+001   1.318060540561059E+004   6.199799494409623E+001
  </DiscreteSampler_grid>
