  0.00000011618548252  0.00000012008923066  0.00000012382905084  0.00000012770937119
  0.00000013265061498  0.00000013840505922  0.00000014332748871  0.00000014899902186
  0.00000015358342089  0.00000015768571936  0.00000016214366919  0.00000016735799131
  0.00000017359843949  0.00000018065764752  0.00000018781827617  0.00000019477926291
  0.00000020201058337  0.00000020987024541  0.00000021800183143  0.00000022602194073
  0.00000023445452580  0.00000024304903216  0.00000025091169262  0.00000025898756115
  0.00000026718168656  0.00000027643217293  0.00000028596577962  0.00000029621278879
  0.00000030721766241  0.00000031873700221  0.00000032998980791  0.00000034188882006
  0.00000035529922927  0.00000036964402466  0.00000038419175053  0.00000039859975782
  0.00000041260254267  0.00000042859416479  0.00000044774364967  0.00000046720820609
  0.00000048729807550  0.00000051009104080  0.00000053480889677  0.00000056143087126
  0.00000058847782500  0.00000061982287175  0.00000065942313537  0.00000069738235326
  0.00000073500071851  0.00000077343704286  0.00000081538063495  0.00000086163007560
  0.00000091489876378  0.00000097517510386  0.00000103967909628  0.00000110668152815
  0.00000117688434154  0.00000125157797585  0.00000132584548680  0.00000141945607289
  0.00000151575646836  0.00000162320314129  0.00000174490538763  0.00000186102150807
  0.00000199700160911  0.00000212635955233  0.00000227085877463  0.00000242964668305
  0.00000261785370682  0.00000282332860879  0.00000306018620048  0.00000331266499640
  0.00000359842082034  0.00000389865136226  0.00000422860906357  0.00000459838699819
  0.00000502434036988  0.00000551443236282  0.00000608989961664  0.00000674653193053
  0.00000752548537015  0.00000843551669949  0.00000960461365435  0.00001107486472918
  0.00001288636631851  0.00001511861011401  0.00001807854672599  0.00002210544486344
  0.00002768290773514  0.00003659179376552  0.00005125740727320  0.00007725570142948
  0.00013912461175968  0.00035764898852547  0.04097876075995328  1.00000000000000000
  0.00000036260449617  0.00000050965334182  0.00000056249978251  0.00000062367829948
  0.00000068738897451  0.00000075050036966  0.00000081963725498  0.00000089637861737
  0.00000098319920340  0.00000108332825537  0.00000120095709756  0.00000132907861799
  0.00000146041863109  0.00000159408546757  0.00000174681079245  0.00000191674474423
  0.00000210060378459  0.00000229617398153  0.00000249808277221  0.00000270422037948
  0.00000292185487541  0.00000316881356023  0.00000343879634898  0.00000373080544408
  0.00000401683609762  0.00000432228837086  0.00000466968712040  0.00000507854131858
  0.00000555052506854  0.00000607233959577  0.00000662752319921  0.00000721952942529
  0.00000785906102777  0.00000852721772948  0.00000924556813162  0.00000995872344466
  0.00001069645268178  0.00001149796493009  0.00001236997190782  0.00001329091962936
  0.00001423324019551  0.00001517689760177  0.00001614202570727  0.00001717345112382
  0.00001825113230255  0.00001932381815991  0.00002043126601564  0.00002159397099439
  0.00002282679796016  0.00002415157804460  0.00002552622939001  0.00002691841229741
  0.00002838264638975  0.00002995024168106  0.00003155679986654  0.00003318099543505
  0.00003492990264771  0.00003691276381551  0.00003890886404791  0.00004109301898923
  0.00004351756951650  0.00004620762012222  0.00004906676180461  0.00005201851648538
  0.00005500158831941  0.00005797572410771  0.00006083650314347  0.00006415658773227
  0.00006798900614060  0.00007239089283150  0.00007749126639868  0.00008332320218856
  0.00008969576745192  0.00009701883137855  0.00010530985941693  0.00011382808446863
  0.00012267046874669  0.00013197349151239  0.00014214692922295  0.00015441849602307
  0.00016846161456501  0.00018409406226621  0.00020307695292931  0.00022284409128309
  0.00024725863409256  0.00027505265232820  0.00030647916706389  0.00034746199574737
  0.00040794904088355  0.00050220541911778  0.00065092049465542  0.00087051203919664
  0.00124100939502493  0.00233935655285063  0.27471278590939613  1.00000000000000000
 -0.00180527384619726  0.00899305712162895  0.01820766715187284  0.02766769097195436
  0.03762705377350552  0.04892563625452594  0.06128492579786425  0.07283607042108396
  0.08396576974638072  0.09458963975166140  0.10501721486152359  0.11559434883136799
  0.12703398473250088  0.13869909535362251  0.15037716188806233  0.16171124951847304
  0.17360931431467580  0.18588919975576279  0.19654494167164505  0.20696411750753071
  0.21785273192704702  0.22907524411603783  0.24011842402217459  0.25060668387186147
  0.26236158613956889  0.27344878125493793  0.28447211563043251  0.29586591316308075
  0.30785553712292407  0.32049013016397820  0.33278294483285414  0.34423774065114299
  0.35486808533322928  0.36528306197199450  0.37650771991393017  0.38687102767451070
  0.39729118721549822  0.40672123161884932  0.41567847158838711  0.42455701043153965
  0.43397043372190880  0.44393146450090187  0.45420228707060717  0.46429605493303572
  0.47450195371117609  0.48505261295966279  0.49594058387491702  0.50686841620413015
  0.51765075050483444  0.52834414526310569  0.53858367942762309  0.54828106726071257
  0.55806451079989505  0.56849897077615674  0.57951455969075660  0.58957563764901488
  0.59925233012252710  0.60981876243522870  0.62076811610081606  0.63074051888342220
  0.64047429010781420  0.65043330171084002  0.66080590898710900  0.67059258289645463
  0.67974749473304008  0.68911802388350141  0.69883728787136778  0.70913091951476470
  0.71936390617507784  0.72968850409533381  0.74038510067764740  0.75148716387455561
  0.76258644990133495  0.77360076345849527  0.78459678447525638  0.79475102412585286
  0.80378256384093782  0.81236647398297390  0.82145427536935278  0.83101460541198602
  0.84086466997715759  0.85047896750227570  0.86088220055745901  0.87218439879212550
  0.88449427456807317  0.89730056129800562  0.90941124629694092  0.92076946999479403
  0.93169388677708154  0.94153187783646841  0.95069246214710390  0.95935343531766404
  0.96895830020632467  0.97914272504382494  0.98959891335505912  1.00000000000000000
 -0.00204290045850023  0.00882308454774169  0.01799103286034881  0.02763062268805936
  0.03679392540201250  0.04598098838949410  0.05509987922055407  0.06430686469053179
  0.07395301626620218  0.08442675031957804  0.09562760347903425  0.10684125164276451
  0.11831253010974482  0.12980233655894169  0.14115531088285110  0.15262784343861729
  0.16399316723544866  0.17544007758340580  0.18719991240337971  0.19876220796172717
  0.21062676883545201  0.22241887869641253  0.23385455181248299  0.24447480818296685
  0.25485068971174757  0.26548254182665265  0.27675867439687352  0.28822288960290593
  0.29994639806672246  0.31086523441370151  0.32127438667463754  0.33175625712163065
  0.34305222696767024  0.35419262430030524  0.36425090042784519  0.37393235581972895
  0.38402398053276598  0.39471784654454578  0.40529858893281046  0.41565378233530131
  0.42614674893181759  0.43704677848170670  0.44859305665585664  0.45995148943717618
  0.47093116296311821  0.48100360589209423  0.49077421250969172  0.50031841261895682
  0.51026206419679787  0.52096459865972333  0.53231503490567755  0.54406287434643186
  0.55590305982507948  0.56635479357368712  0.57549606237175066  0.58449688394137678
  0.59388390473797648  0.60406328211063021  0.61384814184831105  0.62348805512695971
  0.63389165775512546  0.64457306297887351  0.65478303982985986  0.66519938316833638
  0.67483030953123790  0.68412659092003658  0.69337549894613659  0.70285201056965185
  0.71345604216479175  0.72458700369533313  0.73619620241131234  0.74855302665478241
  0.76045827916983089  0.77174159516768115  0.78266906186455287  0.79374461486508907
  0.80481876926301454  0.81521849009382119  0.82525249895172070  0.83522630207465121
  0.84593444905932658  0.85625236226376977  0.86609507734918323  0.87599717127710663
  0.88681358591103554  0.89743698269698069  0.90785321951446007  0.91779411327015104
  0.92833154543328700  0.93886770264207386  0.94904936222797232  0.95865787940300262
  0.96819751439663837  0.97806561777373280  0.98895170465264792  1.00000000000000000
 -0.00178847015563899  0.01108209372822141  0.02161148797210940  0.03162295886857366
  0.04187645929278893  0.05226453926188486  0.06356715409845164  0.07555574374966194
  0.08744273269826888  0.09894229394454306  0.10891870062497565  0.11820103208923895
  0.12761161817419545  0.13699148455327281  0.14609882440468872  0.15458179573019640
  0.16361634645428907  0.17454387396780646  0.18747922302653425  0.19868436965049821
  0.20982408328111443  0.22115140922095874  0.23241262910688573  0.24274173800056678
  0.25296589399737140  0.26386946573965453  0.27532409665210011  0.28706157405881122
  0.29932486873802711  0.31112536645514577  0.32201235647994492  0.33182581864652716
  0.34128708634012961  0.35117408092740121  0.36202669835964846  0.37315369440341933
  0.38447733482532093  0.39569461797252303  0.40707075976804735  0.41820711530552174
  0.42910709123442237  0.44010202459119807  0.45123932836637465  0.46219297639907220
  0.47278202756734966  0.48357980495075931  0.49487570328005076  0.50657446931019334
  0.51832740999887106  0.52955446785586313  0.53992318336833833  0.54993341881247448
  0.56026935284580626  0.57106407012641058  0.58177965455875691  0.59203353041701678
  0.60228587072970596  0.61228454367622998  0.62210088220713544  0.63184937599181135
  0.64163132167236892  0.65060690359478546  0.65961297399395413  0.66762843394707494
  0.67672431246593601  0.68632377238951725  0.69608233285778531  0.70579164787958326
  0.71578676345216397  0.72625468650520064  0.73685406105578444  0.74690883576293099
  0.75650823699039993  0.76656912199932137  0.77709738975264631  0.78835239296260695
  0.79912247859984120  0.80954704370656028  0.82024640540555072  0.83120070675732682
  0.84183684303333495  0.85209615886850354  0.86282282249302755  0.87353743715790677
  0.88477562847738345  0.89591195841279703  0.90682234832042186  0.91815958641863704
  0.92825757281212107  0.93828150074106875  0.94762765738253008  0.95726987855911261
  0.96685424123490382  0.97720598369520228  0.98813963237233138  1.00000000000000000
 -0.00213190886056285  0.00948622461455356  0.01960964732164603  0.03067062304006529
  0.04221947338998149  0.05566029226008064  0.06804698683913638  0.08001804331865919
  0.09100950467428678  0.10273348621808999  0.11471042924423792  0.12677012298044599
  0.13935170170664710  0.15088520793006496  0.16090972128148731  0.17044084875514542
  0.18021348618139724  0.19079768772602304  0.20201050055877176  0.21263723112449731
  0.22304977099327428  0.23261410215985184  0.24254487647241624  0.25259573080431025
  0.26349761506437058  0.27457509928523327  0.28611485631088451  0.29743398187149322
  0.30829216821960875  0.31834014973124708  0.32777810418262121  0.33725549543189010
  0.34618674420635820  0.35534429001036250  0.36451493507315513  0.37259930079031128
  0.38054187392023192  0.38917306677923857  0.39950706452208251  0.41083431813308408
  0.42136680456068043  0.43122962787741653  0.44155950152852730  0.45292713144618946
  0.46386205469055281  0.47426796609870969  0.48372388464609495  0.49289945025053383
  0.50173948223690468  0.51059398435919323  0.51949756085456289  0.52827606464284493
  0.53670097164008335  0.54610415612563046  0.55555071042684578  0.56514040146772393
  0.57598358067374333  0.58691806297680116  0.59855970043554807  0.60985037321604174
  0.61942661831669543  0.62909282962427682  0.63811304116352530  0.64851574760753894
  0.65923985125749729  0.66975726999602436  0.68007435031665786  0.69015459549120406
  0.70048208455060579  0.71072421445324052  0.72122618587918952  0.73221291388252996
  0.74417060176894656  0.75584307439630738  0.76743810070668539  0.77855707766174120
  0.78982596705288344  0.80070250120387754  0.81164887164656685  0.82315669775048284
  0.83504356576633842  0.84647070315378448  0.85730271735153274  0.86776685098279105
  0.87808267847101051  0.88866145026217647  0.89979118672523473  0.91110081643261820
  0.92225752786310755  0.93347636476077633  0.94452955956942031  0.95526373090540528
  0.96599123839952761  0.97744619588163895  0.98885365464346164  1.00000000000000000
  0.00594041975943898  0.01965863243983242  0.03444964376696977  0.04967224858285608
  0.06371110257480522  0.07554339784909593  0.08582275568234400  0.09729434202644743
  0.10825904276024395  0.11936225577227724  0.12905495580114357  0.13986626003473537
  0.15053725489511929  0.16105575370569930  0.17114581057476649  0.18096119159556362
  0.19025793029876831  0.19942026419685069  0.20895599262692249  0.21913252903406299
  0.22940145970121464  0.23952710248011355  0.25002688010227347  0.26117798875085563
  0.27146195785822791  0.28149005124469428  0.29088952286022390  0.29991495505627547
  0.30904364721918676  0.31833423399963878  0.32811927309978839  0.33807788037465836
  0.34726279596779791  0.35679091968704718  0.36623497691880907  0.37548833890495975
  0.38496687955042069  0.39491678387324408  0.40569624369287000  0.41622150235800159
  0.42616053775863794  0.43586376257552167  0.44565840134610279  0.45535964797975442
  0.46469436322131275  0.47387282195106933  0.48357449115767054  0.49384172227204742
  0.50345100871656456  0.51277415129692050  0.52214569114504983  0.53237018002261449
  0.54284919026817291  0.55321495267546750  0.56362239075857778  0.57343772807412119
  0.58388342814937666  0.59385268981229800  0.60407811452805804  0.61326545061843185
  0.62283688107104851  0.63216097015364525  0.64154777582280187  0.65071849046023500
  0.66024833596923049  0.66968920184259217  0.67926934814497197  0.68881073414504257
  0.69828522767320933  0.70802750570056372  0.71697207327407764  0.72569846605638300
  0.73461326039375385  0.74346595754780076  0.75351714235727119  0.76396133338832128
  0.77493580801221762  0.78551803949882615  0.79528534988958499  0.80546465492576169
  0.81606476115612969  0.82670021664050486  0.83681593556149436  0.84653148456996952
  0.85653605089921825  0.86523551502084395  0.87359009508071450  0.88213740303730048
  0.89155056833464918  0.90210966711140228  0.91272021632815470  0.92539592525814141
  0.93984164994318786  0.95588537380146743  0.97455231045134072  1.00000000000000000
 -0.00189175354516579  0.00865651136445108  0.01747544103509431  0.02642859847684604
  0.03472984290264774  0.04324012254049958  0.05215599958567164  0.06249014267233690
  0.07462103705633859  0.08619573789095457  0.09789977432538012  0.10919182136986359
  0.12005026697551069  0.13034583142171588  0.14105444136663578  0.15160318480850982
  0.16258845118804766  0.17319367960344817  0.18446920473151796  0.19539836763190510
  0.20692217535699409  0.21813564215510672  0.22875722345519503  0.23979727621282210
  0.25148403339540287  0.26434857602271022  0.27654205712688801  0.28800639865902172
  0.29910585126839173  0.31001442392927453  0.32025916503695989  0.33032521912460838
  0.34099649236781759  0.35197619539997205  0.36281097788545397  0.37296475245583155
  0.38291550717116224  0.39331670117337925  0.40379876794659286  0.41466714378199543
  0.42538715626014695  0.43601319963554580  0.44706951894102559  0.45851214685405334
  0.47018866784551089  0.48159773035415948  0.49334107854047443  0.50541969999559244
  0.51658759864909687  0.52650965354429591  0.53586257798307946  0.54562091404366087
  0.55591295057539170  0.56676747631407065  0.57798856080666761  0.58963676394441400
  0.60136263424175129  0.61226355388907849  0.62306647735349763  0.63426383155546751
  0.64595274435238803  0.65725025893446043  0.66747357796538509  0.67709612747756276
  0.68599318964213285  0.69523177192770924  0.70546409637163077  0.71598267424348416
  0.72700396055851546  0.73752988270492703  0.74731884516184521  0.75684586016305633
  0.76654930660766352  0.77746908890853372  0.78884020643728647  0.79929811622188818
  0.80903910330927253  0.81892348390427216  0.82912258766613067  0.84037349961483487
  0.85151967404237727  0.86243261696347917  0.87363580769084714  0.88407023388874106
  0.89388450894494664  0.90304580765985032  0.91226690367646956  0.92264965692759149
  0.93286143741417393  0.94287818007267521  0.95259048195000073  0.96189548671725578
  0.97073146060138138  0.97965836678056439  0.98925981621345604  1.00000000000000000
  0.38879285854923445  0.39343358540068074  0.39805559967392695  0.40480521275340026
  0.41032161421675556  0.41648756175906065  0.42267186436034948  0.42876171632233767
  0.43521460350156627  0.44142388201162924  0.44807735587246361  0.45515282774266630
  0.46094637517063697  0.46643334501568551  0.47202272401087159  0.47744109067394297
  0.48248420260435071  0.48739644917418284  0.49268154859793062  0.49860688349022753
  0.50463849228609903  0.51023166752026294  0.51508532179369615  0.51994611922548195
  0.52525791057928328  0.53086320466276671  0.53655567244616398  0.54188306411220644
  0.54719167821401093  0.55258083785388845  0.55819983913820181  0.56367530655538234
  0.56872423940053984  0.57381355566900916  0.57882139447135883  0.58412515923246278
  0.58997843554456952  0.59618796701358645  0.60212773647852380  0.60754527438502881
  0.61279750212547257  0.61831738417163262  0.62397340555711045  0.62981187613834433
  0.63576142623116794  0.64150084616745118  0.64697993608329651  0.65194173947690059
  0.65692088869956267  0.66232585063703198  0.66795419700485270  0.67342302054117409
  0.67898790365367123  0.68492727256913388  0.69091426183247218  0.69641821196303211
  0.70159798128266226  0.70636755955413233  0.71186311981803074  0.71756919391174268
  0.72366073209162995  0.72947857255758419  0.73549065625211552  0.74150450452513006
  0.74735132728944653  0.75332610169492709  0.75965009947530826  0.76624712186771193
  0.77279473586344938  0.77917165761222507  0.78535758586760351  0.79159797777209695
  0.79789223311418800  0.80455033121331010  0.81148434809595094  0.81824454662701318
  0.82479249786104070  0.83125998032316706  0.83794498941562479  0.84494061857282698
  0.85221658570684711  0.85962921403621695  0.86699332883878355  0.87418991991069173
  0.88190894456918190  0.89020770287146211  0.89890660067016159  0.90740213018952487
  0.91592289014774209  0.92492303406999543  0.93456902640942263  0.94466409745756108
  0.95549693550091175  0.96763628864248585  0.98173024520930208  1.00000000000000000
 -0.00249005066308394  0.13152943272580048  0.15584238108746473  0.17214046904993610
  0.18769419127511777  0.20265211607229239  0.21786361798180273  0.23143230210401855
  0.24334308690960238  0.25435460103770818  0.26455300224727385  0.27426113052468476
  0.28268156697497970  0.29078537425303147  0.29851133784339262  0.30589417956461262
  0.31342196825829072  0.32139071752045328  0.32982763953865291  0.33789945068278032
  0.34527179516499201  0.35186304173485672  0.35791468136990029  0.36336210805433411
  0.36954995646689259  0.37576120495233756  0.38165462132366262  0.38746752001167500
  0.39356541339603346  0.39954849479648352  0.40529564045371796  0.41068822304065367
  0.41607064969555296  0.42182586390775145  0.42763909619359736  0.43341375419751749
  0.43887896877944843  0.44437032564363138  0.44995471328941966  0.45562824681867864
  0.46166248349039696  0.46777004258119609  0.47383924475125405  0.47960639728683008
  0.48566329730037239  0.49126813113582929  0.49693636480298725  0.50247105723375018
  0.50783648247306867  0.51349963638538421  0.51922627094802776  0.52513031638542673
  0.53081633856798216  0.53647000267120071  0.54219902386802155  0.54799417148835428
  0.55390115058375644  0.55990383147242673  0.56591550653684208  0.57197395900064285
  0.57808475029850526  0.58417703889494654  0.59039502895931695  0.59654673840776007
  0.60274736907446103  0.60906508103255408  0.61521747978690422  0.62173324951752940
  0.62757891990551096  0.63352859649704174  0.63945011456047662  0.64589685715663492
  0.65327356661176128  0.66107342256226986  0.66896339451237041  0.67669826777220621
  0.68423452098911386  0.69157100959258455  0.69872739646030446  0.70620631043422388
  0.71429947729353205  0.72226541080657036  0.72989493186610921  0.73811350013113242
  0.74779340622405133  0.75879282604924292  0.76843091712747313  0.77807365351122693
  0.78746243812431438  0.79934771312511388  0.80745772006254235  0.81813964151148799
  0.83031741144843374  0.84940521835193783  0.88331466753802323  1.00000000000000000
   2.3014531354386172E-006  -1.0000000000000000     
 F F F F F F F F F F F F F F F F F F F F F F F F F F F F F F F F F F F F F F F F F F F F F F F F F F F F F F F F F F F F F F F F F F F F F F F F F F F F F F F F F F F F F F F F F F F F F F F F F F F F F F F F F F F F F F F F F F F F F F F F F F F F F F F F
  <DiscreteSampler_grid>
  grouped_processes
  1 # 1 for a reference and 2 for a running grid.
  10 # Attribute 'min_bin_probing_points' of the grid.
  1 # Attribute 'grid_mode' of the grid. 1=='default',2=='initialization'
  0.0000000000000000 # Attribute 'small_contrib_threshold' of the grid.
  0.5000000000000000 # Attribute 'damping_power' of the grid.
 # binID   n_entries weight   weight_sqr   abs_weight
    13   10   1.135488766192695E-001   4.735302613117882E-002   1.135488766192695E-001
    16   10   2.828293114672328E-002   2.934695418197698E-003   2.828293114672328E-002
    22   10   1.176103247770976E-001   5.190475881669195E-002   1.176103247770976E-001
    25   10   2.910540641268339E-002   3.235407544090103E-003   2.910540641268339E-002
  </DiscreteSampler_grid>
