  0.01155152093066387  0.01610146674762717  0.02406011265819274  0.03377548118819632
  0.04327948473600575  0.05289441020290148  0.06258869959772015  0.07224787420017519
  0.08208943386744613  0.09208427179443603  0.10221837308356382  0.11267752394901473
  0.12319036166460960  0.13388163860414318  0.14457081727803092  0.15551205688410316
  0.16657455245091077  0.17776948349202448  0.18900098592842154  0.20035803449300632
  0.21191045061126160  0.22373043428485645  0.23564984436487468  0.24767536874636734
  0.25978217166333339  0.27198131576790868  0.28424513639743365  0.29669122281375504
  0.30921057954918224  0.32171761252085951  0.33419009356747365  0.34670770704056852
  0.35929293492956288  0.37195465448343262  0.38466493103710225  0.39743992013336576
  0.41022137854813734  0.42300557758658991  0.43581715961179318  0.44864244069105697
  0.46149727358165288  0.47433811499552259  0.48710967684001455  0.49973249182432733
  0.51225501912037141  0.52472445850327065  0.53716057059888045  0.54959068110234444
  0.56187025036241423  0.57399942420327199  0.58598404591341824  0.59791208262732420
  0.60970848680556045  0.62137448854278710  0.63288821556641961  0.64429958813842247
  0.65547492354020709  0.66646221759602231  0.67715999253880588  0.68774289430305491
  0.69813787282442308  0.70843394720890041  0.71863050289861463  0.72873120608566433
  0.73879419452561113  0.74868510598973781  0.75850804370337888  0.76822035469356365
  0.77782635590673233  0.78732810249890262  0.79671894767186002  0.80599615037238792
  0.81510581726322751  0.82407336666187048  0.83296616169269777  0.84180145157227415
  0.85059154745401522  0.85924429985851913  0.86779407504697692  0.87623893677870091
  0.88453034646609585  0.89273994761576303  0.90084296592649138  0.90883825726543854
  0.91681485577731170  0.92478361688664512  0.93268932367174151  0.94047009865877373
  0.94809224621995603  0.95558217434396731  0.96296167725742166  0.97023730582262113
  0.97742107917523202  0.98424273115031247  0.98873187838759213  1.00000000000000000
 -0.00229155716514465  0.00965210356076779  0.01977325584077770  0.03026534489176818
  0.04081416597475342  0.05129488578455395  0.06180925800334163  0.07212394308787352
  0.08256055597411933  0.09285883066742190  0.10332381172533807  0.11378142920545538
  0.12441977575156042  0.13502353994737346  0.14555286940739570  0.15622304156198832
  0.16686024325396551  0.17760387846869430  0.18821961505405760  0.19887241464257796
  0.20956122645309436  0.22027253157711327  0.23088095404685616  0.24125059183715650
  0.25163358953091436  0.26209395556839465  0.27258757302816888  0.28310089652932208
  0.29338503716083186  0.30395471012386543  0.31459864946661970  0.32546552883327884
  0.33615776998397079  0.34659796128062426  0.35699378447449209  0.36746819007578363
  0.37807983297843184  0.38865552714940993  0.39914079801235625  0.40950006977100822
  0.42004751039730398  0.43058009343024584  0.44101265538708234  0.45135143274186140
  0.46166296941454288  0.47211855193201174  0.48258938262020817  0.49317988225960480
  0.50371111234511357  0.51420602039623708  0.52464273098862757  0.53514895713372990
  0.54560295926082258  0.55611295105062264  0.56682028893718961  0.57755946801170688
  0.58822140073572649  0.59877681027614149  0.60944282303416863  0.62015374625502728
  0.63074010498869526  0.64130931783092215  0.65184820116712938  0.66236262590923589
  0.67288174396097666  0.68336943617399792  0.69396557410304172  0.70453378774811848
  0.71510258800082294  0.72570828698137624  0.73624586227154676  0.74675896244343609
  0.75717477716273474  0.76763009933950421  0.77815359247456217  0.78863558298061320
  0.79921448390529160  0.80973920103856978  0.82028397457123015  0.83079261937765803
  0.84129174483662839  0.85197081188545631  0.86278092012901197  0.87369489261764288
  0.88437639025730852  0.89491804849117784  0.90554339302697229  0.91615455235095600
  0.92661097773742007  0.93698467670059937  0.94752671477514749  0.95816759340319124
  0.96857175246669269  0.97910254623900195  0.98950784804405068  1.00000000000000000
 -0.00138639064915043  0.00928544257812121  0.01807827521310312  0.02796360451695783
  0.03812421660508027  0.04817664669127314  0.05824085986814595  0.06831076876899767
  0.07848564703752038  0.08882963077433673  0.09933076865669348  0.10972389603118199
  0.12003751861020644  0.13031962504957476  0.14065581504629915  0.15095697080355464
  0.16125771131630084  0.17165720196420042  0.18200515238952875  0.19241926240710949
  0.20289062704801800  0.21338967429034117  0.22380090917975912  0.23411818749301591
  0.24446104682400288  0.25481731067233726  0.26518044209359420  0.27557512065492940
  0.28610605211431966  0.29660325262890525  0.30709887601105912  0.31749421691399310
  0.32795482403833592  0.33842531404356391  0.34884450188461086  0.35934322812259045
  0.36986574386146959  0.38037408762512337  0.39086618431032533  0.40140962366075233
  0.41198266528320193  0.42255460653075971  0.43311081076414176  0.44365288236931172
  0.45415065668767285  0.46467329501222709  0.47524406755892906  0.48582999111829256
  0.49646806418004885  0.50713606011237100  0.51777029690346443  0.52827857982117643
  0.53876866320484673  0.54926177828870959  0.55981468117746525  0.57032323144316632
  0.58074811261799797  0.59116841410535004  0.60156656115287110  0.61202625992737891
  0.62245100321209057  0.63295796548403960  0.64353929683875266  0.65418138445406904
  0.66484426406996766  0.67543126032276413  0.68599652614555584  0.69661568199640511
  0.70732270443898138  0.71802809467082573  0.72859705310845690  0.73907998334275671
  0.74956539698221614  0.76006003253557797  0.77051410516862906  0.78094224142966773
  0.79134691024016868  0.80187033626800441  0.81255186857471162  0.82347780910013635
  0.83437919300693497  0.84513838629944993  0.85583691433626297  0.86654080670867595
  0.87730928626829663  0.88812742481447493  0.89892577987658029  0.90966424212459707
  0.92036321280057898  0.93116154167572407  0.94208624153425036  0.95296690794883554
  0.96391289746294173  0.97515278850099074  0.98725849913560815  1.00000000000000000
  0.25485996249485021  0.26375207746767737  0.27190743868286582  0.28071454483860436
  0.28943800486285692  0.29767932948309661  0.30563991222670184  0.31346496624428183
  0.32105012714011055  0.32847373333544494  0.33562997392589972  0.34252771573772450
  0.34928676625198468  0.35589558156542833  0.36232705433541840  0.36867847926047642
  0.37495905025529075  0.38104562526491326  0.38707479428088232  0.39307549177400042
  0.39897648769600891  0.40477674813942549  0.41059574969441531  0.41642198007040948
  0.42211977354465008  0.42766682391239069  0.43317221701180947  0.43861586246423961
  0.44402238134140087  0.44943480628791421  0.45480455337456605  0.46013801112075903
  0.46537115854937550  0.47062815559420856  0.47588564628295338  0.48111202361286703
  0.48631805153538687  0.49147117429834536  0.49657994874677597  0.50164381944850600
  0.50666554664628816  0.51171450029149013  0.51671759159143504  0.52166083963663412
  0.52653376088417458  0.53139577985553543  0.53622979074854282  0.54102069446241197
  0.54579182732533471  0.55057549566281339  0.55535747988022921  0.56009102653786602
  0.56478861733980690  0.56946469219304618  0.57414228648644339  0.57878332496896301
  0.58342845739510141  0.58806004154177505  0.59269992218372924  0.59729864424179013
  0.60189591904725936  0.60654409270798493  0.61120227590317244  0.61587092899180518
  0.62050387687754349  0.62511135342760360  0.62966172342809035  0.63419539674845871
  0.63873711668499378  0.64323056174621718  0.64766249466268544  0.65204770743154283
  0.65643107170912129  0.66081580031629994  0.66518757057657585  0.66955578450421915
  0.67393222827071209  0.67830563828343848  0.68267085248407533  0.68704104603754412
  0.69142929871906056  0.69582768619419066  0.70019612645957063  0.70454833103067283
  0.70891135047641596  0.71329197932898836  0.71765897242507692  0.72200437957335806
  0.72638349663061297  0.73062714435438803  0.73475653733439950  0.73885820818840009
  0.74314648160892582  0.74695048534339781  0.74813364803653026  1.00000000000000000
   3.1767634366085498E-002  -1.0000000000000000     
 F F F F F F F F F F F F F F F F F F F F F F F F F F F F F F F F
  <DiscreteSampler_grid>
  grouped_processes
  1 # 1 for a reference and 2 for a running grid.
  10 # Attribute 'min_bin_probing_points' of the grid.
  1 # Attribute 'grid_mode' of the grid. 1=='default',2=='initialization'
  0.0000000000000000 # Attribute 'small_contrib_threshold' of the grid.
  0.5000000000000000 # Attribute 'damping_power' of the grid.
 # binID   n_entries weight   weight_sqr   abs_weight
    13   10   1.746057251056227E+008   4.035956184318400E+016   1.746057251056227E+008
    14   10   1.746057251056227E+008   4.035956184318401E+016   1.746057251056227E+008
    16   10   2.273400360297477E+008   6.880694653878240E+016   2.273400360297477E+008
    17   10   2.273400360297477E+008   6.880694653878242E+016   2.273400360297477E+008
  </DiscreteSampler_grid>
