  0.00000011426722437  0.00000015170624431  0.00000017173202646  0.00000018617485996
  0.00000019846733035  0.00000020978417587  0.00000021996862793  0.00000023059501619
  0.00000024079882318  0.00000024894323572  0.00000025748403898  0.00000026684477604
  0.00000027776447744  0.00000029285590902  0.00000030729233049  0.00000032132819875
  0.00000033561917546  0.00000035213441539  0.00000037113596833  0.00000039144586010
  0.00000041231167371  0.00000043696319989  0.00000046465246195  0.00000049134925176
  0.00000051915310041  0.00000054903498801  0.00000058008282786  0.00000061335369002
  0.00000065440077225  0.00000069781930229  0.00000074308668711  0.00000079387953803
  0.00000084492365304  0.00000089728710803  0.00000095022086464  0.00000100299147426
  0.00000105749265750  0.00000111559014922  0.00000117984114036  0.00000125067711448
  0.00000132918275396  0.00000142614844802  0.00000152226856394  0.00000162371692479
  0.00000173088857544  0.00000184475019206  0.00000197549460305  0.00000212408122341
  0.00000228474294353  0.00000246087799034  0.00000265422766343  0.00000286319057981
  0.00000312094918775  0.00000337802457748  0.00000367189064904  0.00000398342686875
  0.00000433745329348  0.00000471742592349  0.00000512494706747  0.00000558434807285
  0.00000609830008661  0.00000669313566722  0.00000737437134876  0.00000816914236670
  0.00000912352666287  0.00001019633684117  0.00001145672901603  0.00001292954905262
  0.00001457188009129  0.00001651646646956  0.00001880971913415  0.00002152634126066
  0.00002476303714446  0.00002870171273983  0.00003369308423102  0.00004012164452460
  0.00004771036396102  0.00005668749376769  0.00006736835025236  0.00007990534329830
  0.00009578649018412  0.00011680709359979  0.00014087207112293  0.00016979492037419
  0.00020785966653940  0.00026158842546815  0.00032087481825519  0.00039201583400065
  0.00049370098938140  0.00062381723109529  0.00079439280565340  0.00108926403544458
  0.00172291541866270  0.00293622465748644  0.03564327662494551  1.00000000000000000
  0.00000291348781979  0.00000292652366720  0.00000299320096055  0.00000307774209261
  0.00000315932693464  0.00000326079293916  0.00000338797380402  0.00000353270970589
  0.00000369735348089  0.00000387811830386  0.00000407182629530  0.00000427662018617
  0.00000449195715099  0.00000476032082542  0.00000503675025035  0.00000533355846068
  0.00000562761641966  0.00000593780587523  0.00000626064852243  0.00000660873722296
  0.00000695173379496  0.00000729026899691  0.00000762950352481  0.00000801567917245
  0.00000845621102214  0.00000887943751106  0.00000932934614132  0.00000983565313209
  0.00001037582190958  0.00001095451060692  0.00001158745148418  0.00001223621298148
  0.00001292667739497  0.00001365778135495  0.00001439819999866  0.00001520237346735
  0.00001601606493894  0.00001688525467590  0.00001780530972875  0.00001878029622618
  0.00001978947144593  0.00002092602451906  0.00002201278729166  0.00002319873817814
  0.00002443576605626  0.00002573504351240  0.00002711296560779  0.00002855582561010
  0.00003004707090200  0.00003162135694016  0.00003343277535291  0.00003520353686803
  0.00003742754929567  0.00003971010674309  0.00004204662130360  0.00004440075912737
  0.00004683258353456  0.00004950914771514  0.00005260179305995  0.00005581640807167
  0.00005924969652562  0.00006295048711145  0.00006707177682091  0.00007152391137411
  0.00007604784755283  0.00008095116743138  0.00008640863296692  0.00009228052586935
  0.00009807996191611  0.00010415661727685  0.00011079556305532  0.00011786029821318
  0.00012612518867201  0.00013605996635389  0.00014738272031298  0.00015942173722730
  0.00017056352454683  0.00018191114778948  0.00019328833325019  0.00020475483998011
  0.00021857127185967  0.00023474954743814  0.00025189654349936  0.00027115146623491
  0.00029425253173049  0.00031920084633338  0.00034426233731023  0.00037337199513104
  0.00041165022118735  0.00046007734317131  0.00053435870637180  0.00060200515333308
  0.00069476093768921  0.00087016220316443  0.01935551974618639  1.00000000000000000
  0.00000150800646571  0.00000190989935257  0.00000223664504610  0.00000257312075345
  0.00000292939208903  0.00000330098003228  0.00000364538166728  0.00000399689737986
  0.00000437634410333  0.00000480296512576  0.00000527387549141  0.00000576825489057
  0.00000629995151015  0.00000688012699733  0.00000750098460698  0.00000816855244888
  0.00000884992317626  0.00000960222996263  0.00001034089905538  0.00001113567423674
  0.00001194221743240  0.00001276919999647  0.00001370918440775  0.00001469279645299
  0.00001571863757339  0.00001677081595100  0.00001786280920047  0.00001902032274584
  0.00002030350972172  0.00002165651725759  0.00002307492371347  0.00002462822062666
  0.00002624853931727  0.00002792895689534  0.00002963216886519  0.00003133406770221
  0.00003307572093860  0.00003485404383937  0.00003698377426261  0.00003926124894605
  0.00004161869762305  0.00004404960537571  0.00004652505823463  0.00004906119027154
  0.00005192287824491  0.00005489621846666  0.00005798074928811  0.00006118030812005
  0.00006396947830621  0.00006680513916633  0.00006957765723724  0.00007244218399518
  0.00007576681497372  0.00007978090276658  0.00008393223289397  0.00008827178582835
  0.00009296746278883  0.00009807709578824  0.00010372848791955  0.00010986517798355
  0.00011610296822136  0.00012266803026046  0.00012941595041741  0.00013670505538412
  0.00014343399135883  0.00015036657288230  0.00015749664570253  0.00016657469337327
  0.00017604150595868  0.00018607133523883  0.00019695806590306  0.00020789291626027
  0.00021940172781310  0.00023176645455148  0.00024556661074408  0.00026177582858595
  0.00028087860313578  0.00030752425340603  0.00033438442310277  0.00036768821386248
  0.00040032256114526  0.00043237743163388  0.00046830901951291  0.00051156649174365
  0.00055590717300666  0.00060742553089512  0.00066445544699933  0.00073819471134964
  0.00082346939084153  0.00091636246578283  0.00103111576200269  0.00118574898890104
  0.00141302448209370  0.00185650737032758  0.17003339388327388  1.00000000000000000
 -0.00273414269288808  0.01113968109791630  0.02197389084443859  0.03331503448732857
  0.04344092064692026  0.05273949291461096  0.06208165530569285  0.07121339420088198
  0.08107515932862146  0.09109301893846751  0.10202696324544079  0.11389970439784233
  0.12579785477072183  0.13710057702149908  0.14812564908802620  0.15905572245163191
  0.17016467275537248  0.18125808218656456  0.19285207157536580  0.20431348268089289
  0.21530356619109253  0.22590389267781300  0.23574950882649962  0.24496040481952447
  0.25398036491527232  0.26355831257867945  0.27392864793495414  0.28478335054831544
  0.29556477312358620  0.30638392251080776  0.31700738043427246  0.32704712190960039
  0.33639817369142067  0.34570487026627800  0.35554146036353884  0.36533844985828023
  0.37464595017953450  0.38382224155101508  0.39337697345020589  0.40348215363068840
  0.41337824461235062  0.42279131771728262  0.43107400638112375  0.43963546459439051
  0.44821019371316478  0.45763935256064192  0.46723616192455680  0.47697449556993132
  0.48649076661897656  0.49642112064074712  0.50704973339322301  0.51865581430680574
  0.53064762058404458  0.54248003213677076  0.55437882181189035  0.56652442739943676
  0.57897809664876920  0.59147923565994687  0.60359638902137946  0.61524736920005518
  0.62693555881456620  0.63894663462817802  0.65055671238021184  0.66168593799687292
  0.67251344915155897  0.68310745636050174  0.69354781052004566  0.70411453977841998
  0.71373952387621609  0.72319073448932136  0.73232029006563060  0.74233594830585059
  0.75331544061046596  0.76519278962481529  0.77734939527779423  0.78912102366780990
  0.80079375283020637  0.81208911716217580  0.82297275031514616  0.83376530761320655
  0.84471467701571745  0.85543766399238497  0.86579718411423956  0.87633145793311351
  0.88684494811392400  0.89739918861906698  0.90870335837252469  0.92014789231923522
  0.93099559745252292  0.94111291164800315  0.95082145447044042  0.96010180035946413
  0.96920672977762956  0.97882669787179322  0.98937853300433942  1.00000000000000000
 -0.00203803745447288  0.00799205568806818  0.01723255170716875  0.02734812241724890
  0.03743515824498796  0.04727752300409632  0.05672108573501663  0.06611759515713272
  0.07567368214600183  0.08549293432525280  0.09588476615889341  0.10644812004720400
  0.11699301656974953  0.12694731945359877  0.13692806041482716  0.14689764143879036
  0.15779304869824362  0.16868424016711844  0.17955662071899461  0.19050243393980343
  0.20146387275924432  0.21263746998398037  0.22394958473382715  0.23528866344743057
  0.24699190349872285  0.25744785274829751  0.26682678867325926  0.27662073477460475
  0.28695730990131962  0.29802563635954671  0.30888354960482578  0.32044718743332734
  0.33296371269134045  0.34545583654276335  0.35787757772314205  0.37013399080449982
  0.38234969364641136  0.39443638986515139  0.40637380828663094  0.41783445754998783
  0.42908057910080538  0.43964562828686610  0.45048693149260749  0.46061136721455187
  0.47075203674667054  0.48045950531736775  0.48917121563012667  0.49734507210396878
  0.50538151970782186  0.51403691342990698  0.52354729085656793  0.53322699398899132
  0.54277780767846029  0.55265962134713187  0.56315105368803009  0.57421379357075397
  0.58503452341183149  0.59513379235645902  0.60506721247580342  0.61539653696132768
  0.62624475355522169  0.63713460436337166  0.64794502395093811  0.65791261460169093
  0.66806165480475788  0.67840794543070027  0.68916604096624801  0.69986977322721011
  0.70960972688488844  0.71844352854219762  0.72728639088709690  0.73673163168663303
  0.74693791168400037  0.75748673041172898  0.76821118857571302  0.77972118725774930
  0.79131172715231768  0.80213048573604717  0.81301257048314302  0.82413860667744110
  0.83517197665361897  0.84561044995062595  0.85504861868613347  0.86437180176548312
  0.87410088386712270  0.88480229469227167  0.89628486306774924  0.90731077517036318
  0.91769590767847897  0.92794983662911867  0.93849967784204003  0.94983571414375056
  0.96191580199001436  0.97434869697452187  0.98722709051879154  1.00000000000000000
 -0.00267552871436604  0.01032358206612740  0.02103420231078936  0.03126410870677181
  0.04116184967568408  0.05128975244640253  0.06121165936943882  0.07148414410169128
  0.08209952167058768  0.09332088856367096  0.10436973523088446  0.11513973858475265
  0.12607649671758164  0.13710442523869815  0.14726710432107085  0.15624891727827753
  0.16499582290242179  0.17308143713791993  0.18119559334650667  0.18970111622942959
  0.19965160329167109  0.20939578549810264  0.21874297789181424  0.22806348962290743
  0.23738872137918079  0.24746122744140142  0.25758247385987265  0.26820683859844269
  0.27890734166040809  0.28947172203411642  0.29885775569830342  0.30832439469397543
  0.31885208739157123  0.33065676353171208  0.34184197201712774  0.35230632037976206
  0.36305619139744566  0.37419929032634153  0.38503222073896348  0.39553264144932015
  0.40599165931696396  0.41671070560017548  0.42731748352818494  0.43762531854353381
  0.44802934494230745  0.45896316781564189  0.47052629947298380  0.48203367411789455
  0.49283795923434459  0.50229715432677657  0.51112951906589010  0.51997243135130433
  0.52960477550497276  0.54042174964193945  0.55137163148768031  0.56262528259184452
  0.57466177703263055  0.58708973526009811  0.59866394772318021  0.60966672590876803
  0.62105078463133212  0.63316211676856071  0.64492559115818548  0.65597399275479407
  0.66583900127302453  0.67528535365968023  0.68493677593174496  0.69543062815920931
  0.70655744644761997  0.71733593551145058  0.72813881376082001  0.73898262336453968
  0.74993304975911712  0.76092111268526019  0.77211042704021171  0.78369009040858872
  0.79502744774728207  0.80637230905337909  0.81759794949954934  0.82834428810135785
  0.83841063719031950  0.84817781715951945  0.85826748668521369  0.86848925967127621
  0.87874508189675671  0.88917813927178102  0.89969999196943196  0.91012637982570976
  0.92043527394356084  0.93094420077178419  0.94182825500960454  0.95310164610363968
  0.96413806156464676  0.97557438128156848  0.98744672740498596  1.00000000000000000
 -0.00003725589794650 -0.00001673593277535  0.00000378403239580  0.00007258372227529
  0.00015375031543777  0.00023354310194442  0.00031176770563529  0.00038964123708976
  0.00046087943987695  0.00053211764266415  0.00057600599808376  0.00061438261232840
  0.00065385421311022  0.00069340138718110  0.00073036311630155  0.00076730859868917
  0.00080249611264385  0.00083768362659854  0.00087359523795542  0.00090958961677493
  0.00094497483292834  0.00098023794355397  0.00101743366563191  0.00105535946088204
  0.00109993730155060  0.00114803766706306  0.00119971861552409  0.00125290968065455
  0.00130774262260655  0.00136306642864050  0.00141966625112016  0.00147734852538725
  0.00153583288747038  0.00160558122094621  0.00167763043964579  0.00174926816024718
  0.00179307397260571  0.00183687978496424  0.00188056911839051  0.00192419359709483
  0.00196758411347355  0.00201003915495169  0.00205249419642982  0.00211418385113764
  0.00218426279038976  0.00225225927473103  0.00232108057629553  0.00239101787254971
  0.00245830885816778  0.00252417997887419  0.00258219014054676  0.00264051419803184
  0.00270175245858213  0.00276316166824561  0.00283022171129815  0.00290043771612989
  0.00298987883358081  0.00310262083081628  0.00324166876351549  0.00335905289293929
  0.00345501928135515  0.00353835936199238  0.00361461353571401  0.00368948307746145
  0.00378053002334532  0.00387835265501474  0.00398940699691413  0.00408502560957361
  0.00417517290990562  0.00425722623389265  0.00433027918780494  0.00440463978029854
  0.00450680053404423  0.00460896128778991  0.00478328596192762  0.00495185413903891
  0.00509094410354147  0.00520114461314618  0.00531157401363781  0.00543196020214193
  0.00571566714621308  0.00602805153507011  0.00625195930252091  0.00648240988439988
  0.00669701549722766  0.00686387952808194  0.00698875623192616  0.00748521663797254
  0.00765970728252824  0.00782098194562774  0.00856123274006586  0.01264467580338138
  0.01295634094343725  0.01357135539210899  0.30358243049784400  1.00000000000000000
 -0.00101358050736373  0.00367444911206161  0.00867327079775958  0.01400399346814861
  0.01963733703240714  0.02541609536758579  0.03149983177740123  0.03744302730344070
  0.04349208529167665  0.04923539105402030  0.05488096215680472  0.06041365360067628
  0.06601242762423516  0.07188467706087652  0.07789162916313615  0.08443573927879483
  0.09176045523586260  0.09912489908473689  0.10664499393000153  0.11430190229939637
  0.12208833430071930  0.12974145290288694  0.13701228082353853  0.14456087674388801
  0.15263735025015746  0.16096683730553554  0.16978702797684858  0.17890933170833198
  0.18876930047414794  0.19997657362089025  0.21150140788753530  0.22305675557848573
  0.23520953679566359  0.24787402118441423  0.26103802958962696  0.27446594603468194
  0.28856899830579830  0.30294729705257556  0.31756619554575866  0.33320846371168772
  0.34947025169931623  0.36621981428783035  0.38284793722186250  0.39954232587490357
  0.41686914770522132  0.43496161610298134  0.45408336772421098  0.47128700661733791
  0.48740783371485541  0.50467329271927375  0.52403047207008269  0.54347311867112158
  0.56234401586240146  0.58223574057768734  0.60287078019926599  0.62004948761070067
  0.63568983789507238  0.65138205855830589  0.66816330710080074  0.68413119914200771
  0.69898297760776418  0.71289690873423539  0.72614656790763310  0.73921276768543065
  0.75240882568243095  0.76572640449033547  0.77793281394294533  0.78948807458234538
  0.80036539161938602  0.81119763702963976  0.82157377132723286  0.83195477543571805
  0.84167970600994435  0.85087513026203909  0.86006413587075059  0.86934967975028266
  0.87849477047690527  0.88706603772548120  0.89534767012080196  0.90399765422318157
  0.91275583318317766  0.92096445918080305  0.92845880636585054  0.93557189542024022
  0.94183623712418374  0.94758872687403872  0.95323925089352701  0.95852359107460017
  0.96342247355559929  0.96810422314356925  0.97279244253110597  0.97794147196789094
  0.98341547799115159  0.98898820829576595  0.99442429713595615  1.00000000000000000
  0.33039302175166391  0.34969033086843715  0.36071038391283045  0.36924386068717979
  0.38509065732447745  0.42391497473540263  0.43972946853031020  0.44788188420347580
  0.45854290584598034  0.47015604628008029  0.48133898469828545  0.49137902993314914
  0.50047846059526202  0.50865852543160539  0.51578200744856195  0.52232984295105545
  0.52906696311379930  0.53740716291030377  0.54482634615750192  0.55121889256039591
  0.55749871729083356  0.56392592796281016  0.57017651063001062  0.57604452903968173
  0.58145632305184647  0.58648807484957755  0.59155231061741698  0.59678406285434371
  0.60288343209452755  0.60915366925361447  0.61551503141163555  0.62189112338079966
  0.62837805014771086  0.63489422150987707  0.64107866709893602  0.64706641866261705
  0.65317470516810783  0.65947260170323285  0.66583082625856127  0.67223052330267674
  0.67849540099422245  0.68470298556897269  0.69095099054338216  0.69719244959611459
  0.70264825320835167  0.70801258300994752  0.71323393621979014  0.71886090976426142
  0.72484913635158132  0.73036628858149955  0.73548007741537358  0.74032576476112322
  0.74556107003090466  0.75095252843261384  0.75675902059803069  0.76285676573222239
  0.76876645742266381  0.77455425229959751  0.78036327357809354  0.78630873078556218
  0.79213298444392877  0.79794057658424178  0.80370359931275814  0.80956968330920775
  0.81527619194263601  0.82066602618027551  0.82611978275317532  0.83174781740135184
  0.83754909009368761  0.84321115122882151  0.84876746558989180  0.85441957256895185
  0.85997136677764530  0.86537623916840722  0.87089946106651805  0.87658586346094880
  0.88242715113778358  0.88808273893163847  0.89386510039790723  0.89993158473121637
  0.90592483676519509  0.91163923613352327  0.91709082619064042  0.92234966502123017
  0.92769335499509609  0.93320377056634563  0.93873405530155174  0.94460272609351814
  0.95030432545893484  0.95602124435365299  0.96172660551685885  0.96736973015737493
  0.97321443513147421  0.97980692876932296  0.98913561843812936  1.00000000000000000
 -0.01191514128774467  0.14897177405396356  0.15216251848594078  0.15569350785731800
  0.16051930660316416  0.16548290604883439  0.17036840041996121  0.17481103870968492
  0.17845902853267095  0.18177918049089764  0.18497904171716795  0.18848233505117301
  0.19180476026305249  0.19486969386106950  0.19797236975908386  0.20108803856335489
  0.20435505096433762  0.20807382868392010  0.21262819328561836  0.21713965858942991
  0.22178262230431228  0.22593306786539472  0.22978047608684971  0.23367450867063311
  0.23762510792086358  0.24211805393190339  0.24633289721761750  0.25033209623237807
  0.25427908281261419  0.25839853379997046  0.26289509832514357  0.26732826640755969
  0.27168496604446202  0.27625286384716702  0.28118024125532598  0.28628019087780759
  0.29148189171532163  0.29700689444002104  0.30269950652442285  0.30816976788738920
  0.31393221302824192  0.31954607032286081  0.32530397941371814  0.33124101276110007
  0.33695390204396997  0.34250197693408724  0.34827693432545892  0.35391409124971346
  0.36022339998652064  0.36664898291873166  0.37315408537209011  0.37929076772811160
  0.38507557537398868  0.39109103400702783  0.39696041293083850  0.40342869105097184
  0.40965494179889472  0.41594230110530661  0.42250870243413269  0.42948160292745241
  0.43695230480206981  0.44463443657135410  0.45254854648068160  0.46042021806149575
  0.46865313249134483  0.47676908662631862  0.48489456338404124  0.49331960307141870
  0.50207398700288541  0.51122240663391505  0.52049666762713920  0.52989643502855577
  0.53933083118179603  0.54834166005206675  0.55671233342706028  0.56512599188065626
  0.57431959705978630  0.58453365759254317  0.59577534342279181  0.60744697075232790
  0.61950052475946182  0.63146902561225349  0.64324660919283694  0.65505627339052697
  0.66738029825227740  0.67963331358309442  0.69246987408520011  0.70594673136233344
  0.71988590746132541  0.73593033853935175  0.75419671325742932  0.77462825217774900
  0.79923786823994769  0.82966445973733394  0.87065022861260344  1.00000000000000000
   3.9301245051778249E-005  -1.0000000000000000     
 F F F F F F F F F F F F F F F F F F F F F F F F F F F F F F F F F F F F F F F F F F F F F F F F F F F F F F F F F F F F F F F F F F F F F F F F F F F F F F F F F F F F F F F F F F F F F F F F F F F F F F F F F F F F F F F F F F F F F F F F F F F F F F F F F F F F F F F F F F F F F F F F F F F F F F F F F F F F F F F F F F F F F F F F F F F F F F F F F F F F F F F F F F F F F F F F F F F F F F F F F F F F F F F F F F F F F F F F F F F F F F F F F F F F F F F F F F F F F F F F F F F F F F F F F F F F F F F F
  <DiscreteSampler_grid>
  grouped_processes
  1 # 1 for a reference and 2 for a running grid.
  10 # Attribute 'min_bin_probing_points' of the grid.
  1 # Attribute 'grid_mode' of the grid. 1=='default',2=='initialization'
  0.0000000000000000 # Attribute 'small_contrib_threshold' of the grid.
  0.5000000000000000 # Attribute 'damping_power' of the grid.
 # binID   n_entries weight   weight_sqr   abs_weight
    19   10   8.410423067295197E+000   1.409152308765294E+002   8.410423067295197E+000
    20   10   8.410423067295202E+000   1.409152308765296E+002   8.410423067295202E+000
    22   10   2.113103835239970E+000   8.704748265546126E+000   2.113103835239970E+000
    23   10   2.113103835239971E+000   8.704748265546133E+000   2.113103835239971E+000
    25   10   7.493848004310145E+000   1.288014251975068E+002   7.493848004310145E+000
    26   10   7.493848004310142E+000   1.288014251975069E+002   7.493848004310142E+000
    28   10   1.824698572868778E+000   8.026603825121038E+000   1.824698572868778E+000
    29   10   1.824698572868778E+000   8.026603825121047E+000   1.824698572868778E+000
  </DiscreteSampler_grid>
