  0.00000245829244746  0.00000254980108115  0.00000263070708846  0.00000271143141309
  0.00000280589868816  0.00000290963129683  0.00000301290391674  0.00000311499568628
  0.00000322386874636  0.00000334010274713  0.00000345831053601  0.00000357662987553
  0.00000369873326529  0.00000382452259632  0.00000395233321922  0.00000408233252751
  0.00000421593290816  0.00000435627380514  0.00000450119827592  0.00000465302218677
  0.00000480812758428  0.00000497284265163  0.00000515053566456  0.00000533810280769
  0.00000553047198116  0.00000572603777018  0.00000592709688066  0.00000613667175621
  0.00000635854053269  0.00000658133420275  0.00000682052935113  0.00000707289908805
  0.00000733743269617  0.00000761244508459  0.00000790512970027  0.00000822791850580
  0.00000856216487652  0.00000890659516079  0.00000926203746330  0.00000967978753106
  0.00001010073511893  0.00001054793479947  0.00001103198337666  0.00001154214523387
  0.00001206634411276  0.00001263425706166  0.00001325369218035  0.00001390486909139
  0.00001459862076022  0.00001535534872745  0.00001616556288317  0.00001702918809290
  0.00001797427816173  0.00001898061286483  0.00002008779644854  0.00002133853557272
  0.00002257990192290  0.00002396143156625  0.00002542251156521  0.00002699736253570
  0.00002870014143958  0.00003048218582241  0.00003240950598888  0.00003450075488980
  0.00003681978204222  0.00003943443829200  0.00004254095143100  0.00004617790612838
  0.00005026944657912  0.00005449720093899  0.00005883901646620  0.00006343472421731
  0.00006855123372631  0.00007445191190735  0.00008093232878840  0.00008789437892209
  0.00009573518622572  0.00010457651694374  0.00011445490233719  0.00012545924961154
  0.00013772339138744  0.00014995483288668  0.00016286083963085  0.00017765938137626
  0.00019719651893488  0.00022428461359690  0.00025971210884172  0.00030358209823649
  0.00034599788221009  0.00041020617747604  0.00050567462178170  0.00065196147709974
  0.00081339412823516  0.00113860155871607  0.13116359493728433  1.00000000000000000
  0.00000012131305745  0.00000015681105898  0.00000017274387781  0.00000019084700101
  0.00000020702924117  0.00000022189406542  0.00000023677774869  0.00000025222696817
  0.00000027303060997  0.00000029638528054  0.00000032008224798  0.00000034420904594
  0.00000036605075659  0.00000038849374018  0.00000041313285483  0.00000044033211056
  0.00000046765408464  0.00000049345392887  0.00000051975286651  0.00000054743218609
  0.00000057613481813  0.00000060841490882  0.00000064504246402  0.00000068925020169
  0.00000073247046468  0.00000077783607496  0.00000082385087963  0.00000087190231622
  0.00000092524991257  0.00000098460828501  0.00000104717363401  0.00000111636013349
  0.00000119878392660  0.00000127996880906  0.00000136753185420  0.00000145622983758
  0.00000154747444547  0.00000164639703432  0.00000175596478613  0.00000186879318418
  0.00000199814636636  0.00000213581762189  0.00000227762892866  0.00000243397618461
  0.00000260432630482  0.00000278987727757  0.00000298727595878  0.00000320115618451
  0.00000343258832463  0.00000369812503406  0.00000398615073530  0.00000429809238174
  0.00000463400700431  0.00000497987694780  0.00000540565468061  0.00000586652870420
  0.00000638832061246  0.00000696968509132  0.00000762368392557  0.00000837501352490
  0.00000923002535429  0.00001019339463108  0.00001123859837668  0.00001238743471501
  0.00001364704972437  0.00001504189711581  0.00001660849960077  0.00001838462406261
  0.00002039202380823  0.00002268362852765  0.00002526089966375  0.00002825065139308
  0.00003153175239248  0.00003532268916531  0.00003974117001608  0.00004515621073341
  0.00005154179587399  0.00005859344107090  0.00006680249395093  0.00007659200843394
  0.00008751073569530  0.00010130242105302  0.00011726160223635  0.00013878935681754
  0.00017065035356260  0.00021989934935291  0.00028041532073567  0.00035213331048883
  0.00044499523759092  0.00055887112579756  0.00071301298014205  0.00102355321853046
  0.00173998092719312  0.01103755150735505  0.09704038189178214  1.00000000000000000
 -0.00199742929768053  0.00754650441175899  0.01566863812672996  0.02382958946803673
  0.03194110613153514  0.03965844785701494  0.04728789221882234  0.05503398726064102
  0.06309871124387638  0.07166289886906442  0.08029636807592730  0.08936577370307136
  0.09915720732715629  0.10911614949350967  0.11885470748255933  0.12834286262911018
  0.13775682163810965  0.14741356264591352  0.15727637772769931  0.16735831803255641
  0.17762370831250995  0.18775116966115482  0.19767486144382268  0.20779963747591576
  0.21808164337744312  0.22827716335616516  0.23815380237137884  0.24786603823988029
  0.25851180046639138  0.26908716297117680  0.27946611270156857  0.28951492480636953
  0.29954157615554006  0.30941233237268417  0.31920956037292370  0.32897435728800922
  0.33879632293706691  0.34853552411078459  0.35829019642311905  0.36814827535709127
  0.37822745910266359  0.38834775620192757  0.39830293341367923  0.40821338735759066
  0.41844966598923949  0.42889742909414369  0.43909391086439153  0.44919201902731648
  0.45951232883754511  0.47026497786415522  0.48141158195187572  0.49306024187546332
  0.50469785929906985  0.51607247700583614  0.52695561330584229  0.53756184108532235
  0.54778834736900328  0.55793293293174362  0.56859483243393383  0.57938600223853320
  0.59000245417930064  0.60040926015583518  0.61097939079252328  0.62171399718114262
  0.63221936802081025  0.64259091081022290  0.65308403347658328  0.66386595510269575
  0.67465181450040723  0.68580864246231288  0.69676084974983910  0.70790289456377431
  0.71849991141886504  0.72996044150790396  0.74160473446697373  0.75390362464017413
  0.76621497083907664  0.77889986660539245  0.79210650291313778  0.80549165032331027
  0.81796487620008362  0.82998129737943005  0.84199594758890006  0.85453706888550185
  0.86680065929358596  0.87871392381382074  0.89064535210874751  0.90249357532397290
  0.91437615199557742  0.92615477310392602  0.93813843972861388  0.94994640650210338
  0.96185694527877186  0.97427480742344930  0.98704030902708195  1.00000000000000000
 -0.00273523731726357  0.01042721042188671  0.02161906761092706  0.03343952690977045
  0.04532133557593473  0.05633966832139443  0.06722552774889133  0.07788484165407593
  0.08883544999617922  0.09950764493642782  0.11028674273896705  0.12116816951263651
  0.13244393446829167  0.14377432252505737  0.15438875911329930  0.16498238409216676
  0.17561153201034976  0.18594317369670088  0.19641922985651544  0.20706269112572190
  0.21850800455104971  0.22981274937162929  0.24035525821709272  0.25095778812529901
  0.26072765547755944  0.27075598457486671  0.28141670412815817  0.29288961875410380
  0.30451103603261997  0.31559537895994993  0.32619085840033940  0.33690838793460920
  0.34708112172774991  0.35756552911581813  0.36787146445106195  0.37848412504429452
  0.38888809699614940  0.39888669955343220  0.40872857135662050  0.41843834775429184
  0.42837187650642911  0.43854275641325285  0.44874430242626645  0.45884005659049820
  0.46907719275519699  0.47924079852171420  0.48907573747013766  0.49864080663697780
  0.50805159199151850  0.51773426180584181  0.52779661676871814  0.53834610069457145
  0.54912076998301951  0.56005155042185106  0.57042698661018731  0.58086003113421480
  0.59079568880972300  0.60071895821668797  0.61073569999258215  0.62125366126384851
  0.63195667586015503  0.64244102993890639  0.65304526133241447  0.66417783080326387
  0.67535094634467319  0.68671045611576231  0.69753699633637867  0.70845757753927152
  0.71891235563170619  0.72988391258733387  0.74058383185447818  0.75147324772124913
  0.76141024261750934  0.77174468764883974  0.78174120573953321  0.79259515869039210
  0.80388164444954280  0.81534927279719049  0.82612081134275439  0.83648095414506962
  0.84667934313404491  0.85665149184767209  0.86656776759679854  0.87663646433362385
  0.88705088853595715  0.89729590664061365  0.90778070669255684  0.91830365791130542
  0.92879833071512863  0.93869251750423466  0.94877924561423621  0.95892370724523357
  0.96916661480723842  0.97905368030900786  0.98946387602007579  1.00000000000000000
 -0.00184817245401186  0.00846878592706869  0.01782379048590124  0.02729418851667927
  0.03708440353025814  0.04714535837038300  0.05729882115681630  0.06739301714335734
  0.07764923368928701  0.08832101322581978  0.09939177945459926  0.11030056824667712
  0.12109548648167520  0.13225478268868257  0.14277689625927395  0.15268574611068236
  0.16253833236466536  0.17275702690531619  0.18399729858705066  0.19483622236197803
  0.20489534337136325  0.21505727164482163  0.22537621308234054  0.23559462923396343
  0.24516338499605453  0.25487466336811537  0.26529459090666146  0.27581690422495847
  0.28631786822894856  0.29644233249469010  0.30658724065289938  0.31667833638077464
  0.32652932570320303  0.33624430664573468  0.34621521150885071  0.35675238901709744
  0.36716897235861695  0.37762924780781282  0.38848133060099888  0.39989222068968555
  0.41172792761689592  0.42338439828385588  0.43525933291126084  0.44663533924814458
  0.45773865681540749  0.46910860168284885  0.48064087156835789  0.49214106059362028
  0.50366415861142522  0.51493033702145097  0.52624854469572979  0.53763235612855420
  0.54919737126037571  0.56004777605040923  0.57053138837529838  0.58053235218457544
  0.59032537924729567  0.59988971175017336  0.61003689320502086  0.62059387978426395
  0.63187183021585702  0.64260259423894606  0.65366115792232737  0.66487396534378451
  0.67661389135239369  0.68783510939251813  0.69921180906733005  0.71034565034899655
  0.72155131230503300  0.73244605678560770  0.74299677898088157  0.75340751587048027
  0.76368216866745275  0.77435247858420919  0.78513583122751640  0.79565175939234767
  0.80586223688754910  0.81590119112333426  0.82588557534533047  0.83591641416936580
  0.84634696450842128  0.85690662358901537  0.86790292392533563  0.87843819881955021
  0.88895827498287838  0.89953683664330464  0.91041456639914176  0.92112255871242577
  0.93154918139307930  0.94140412506662674  0.95124651001643890  0.96074640028447944
  0.97059625504241764  0.98090092821843233  0.99073848485987326  1.00000000000000000
 -0.00230935312417121  0.01009637949468684  0.02058282160756617  0.03148636342506127
  0.04204101245133085  0.05216462439088784  0.06201175958445235  0.07234039763717370
  0.08294137445218948  0.09343756613469237  0.10362614034670301  0.11443096354633170
  0.12529626303269872  0.13614641934340363  0.14656519038491689  0.15674209204749170
  0.16659789880226980  0.17665969231659384  0.18710966617208158  0.19803728448916480
  0.20883784073055092  0.21998563887552638  0.23125924414086091  0.24222871180464714
  0.25271459618771103  0.26283319435998731  0.27310373317600578  0.28332507582648020
  0.29331583409848527  0.30352282795521901  0.31376748642501495  0.32486810762052198
  0.33586510761530358  0.34685029579825577  0.35729949008796780  0.36742501065420724
  0.37729505322675794  0.38699933088368954  0.39724160075570980  0.40785237806054703
  0.41913533170909484  0.42999511693428832  0.44117843369834819  0.45231908065631093
  0.46358249672977836  0.47470592913793136  0.48587626570546388  0.49707217946948107
  0.50797200740498649  0.51870913064890845  0.52913987677111241  0.53955543707608844
  0.54996393170653235  0.56080779267758263  0.57208071689532680  0.58346452179270469
  0.59497952623667250  0.60571526807899589  0.61616574678249558  0.62656375747145876
  0.63700276237015585  0.64745496032337302  0.65782080725111514  0.66818200961533303
  0.67832941189657203  0.68811201789479104  0.69802666976087790  0.70792942548993187
  0.71786730487507810  0.72762996250053436  0.73760968182259723  0.74778446265432885
  0.75862768596573771  0.76970673889772401  0.78085581164981333  0.79171303695388351
  0.80255247412709707  0.81372716530959899  0.82516286852547871  0.83658959528362287
  0.84795278283953701  0.85953801067992874  0.87110447582142359  0.88221834680874800
  0.89305247363250995  0.90304777077531395  0.91246377039090232  0.92139809753984159
  0.93084197135610303  0.94017597179510048  0.95003096534819598  0.95978388427607808
  0.97069535018305797  0.98067412203290849  0.99043327300587503  1.00000000000000000
 -0.00338964686542654  0.01781026100233137  0.03586318024736757  0.05383563224235115
  0.07171645037713681  0.08858256284273081  0.10406164453326669  0.11859436416192200
  0.13267804201710501  0.14681803592248888  0.16075487996706381  0.17399712014224683
  0.18704683050300555  0.19992154019080247  0.21286616023056709  0.22593221395661992
  0.23919811832675339  0.25224682390391756  0.26489325233236888  0.27740279991411693
  0.28993189686708093  0.30246378249084255  0.31539916799506401  0.32848914080690800
  0.34093238155819883  0.35241090292100374  0.36377050606607952  0.37492506355994953
  0.38609208380279314  0.39754304131201823  0.40912191460750225  0.42065857246296423
  0.43235716882088138  0.44431507949974980  0.45645054042218863  0.46883939996999568
  0.48160029886041661  0.49391196304792900  0.50596404386786387  0.51799770542657630
  0.53026159211023294  0.54216929960521576  0.55367458975375239  0.56484108786677323
  0.57571067714185564  0.58656912529923066  0.59755596634873831  0.60867325196919853
  0.61955311337358088  0.63025821671352700  0.64087149514362107  0.65142759303864550
  0.66181254525334621  0.67187000957595033  0.68158536517031865  0.69114830901350488
  0.70062998148130862  0.70990134528097260  0.71927591896239118  0.72881724879132714
  0.73884010459988181  0.74909354042555021  0.75880231197398362  0.76836423111699026
  0.77740372765887389  0.78623579339957872  0.79480740723414589  0.80318545495775917
  0.81188981314778574  0.82094607842759404  0.83008011457222297  0.83920759700509939
  0.84827314029977197  0.85714682614703697  0.86536366854978342  0.87286536652042601
  0.87988496801812088  0.88659243696728918  0.89313541713883349  0.89955042008903885
  0.90582129913524345  0.91202756230907145  0.91843205681357476  0.92488726842919255
  0.93108864528565471  0.93748464431186762  0.94437109228142302  0.95238503846684375
  0.95956719823773429  0.96586889705548717  0.97197636418942146  0.97806180480444804
  0.98405757969751873  0.98995606107357959  0.99504784408002533  1.00000000000000000
 -0.00233604713645256  0.00897975515615903  0.01882069853332560  0.03002954204246647
  0.04068916654831328  0.05143637667161140  0.06246474958352116  0.07294003458385108
  0.08399733312667887  0.09412622008924787  0.10440818860020676  0.11424332102147093
  0.12478183876142057  0.13562430046414017  0.14675226164525157  0.15733386515710418
  0.16818456764920905  0.17933251836877906  0.19044414668972359  0.20136922890127018
  0.21245235499989987  0.22360672968634604  0.23395174537970265  0.24390752068602348
  0.25393417314907712  0.26435494266480403  0.27502771825725919  0.28476450964733341
  0.29504924442899061  0.30541460575726659  0.31619434785234452  0.32673950770065480
  0.33666666337054846  0.34700218783190190  0.35683928534173842  0.36719384044009645
  0.37718376990161356  0.38756952223580216  0.39741925601882505  0.40740254567983142
  0.41716552590205996  0.42698490062340888  0.43699822571172947  0.44759336081784684
  0.45832500004355531  0.46930126685671836  0.47985781028706642  0.49113780457215195
  0.50130562802374168  0.51154861302737564  0.52171464401733270  0.53366043833123755
  0.54558743095786122  0.55696982209788015  0.56779208237000400  0.57867010533189400
  0.58943216365702011  0.60015744790926739  0.61067902911977812  0.62106928029672570
  0.63111675957286806  0.64091847957890113  0.65052642219675716  0.66028187692492746
  0.67049883205233296  0.68095228131343377  0.69141562432782666  0.70182757969809195
  0.71236482512250887  0.72281587972525529  0.73316456593032375  0.74386352407751510
  0.75486464998216285  0.76602834942611109  0.77676354724022656  0.78721526267488673
  0.79786979581918871  0.80903097192842954  0.82069143407830225  0.83229858422882153
  0.84359724075416709  0.85456107535563286  0.86534288375231472  0.87593761910235213
  0.88582166825165209  0.89505062870326790  0.90416800107449236  0.91380316541722262
  0.92467154721217604  0.93576125601344118  0.94679684318170121  0.95776397461449347
  0.96843356065317499  0.97918919760389067  0.98965562302207044  1.00000000000000000
  0.19889978658172752  0.34370997581406287  0.35319172742105137  0.36210883430167207
  0.37212514738065333  0.38313877566380938  0.39411844570927546  0.40490580523239061
  0.41486132354691418  0.42510623962542238  0.43586130657177752  0.44586660683427914
  0.45598550167217694  0.46545273651634811  0.47449235612540575  0.48280024871676963
  0.49105112052033417  0.49971751088545285  0.50843862172271048  0.51609357614424012
  0.52308401535503746  0.52974645679123789  0.53703802680341439  0.54509681265132615
  0.55330793634485786  0.56097643566406907  0.56797034975251970  0.57478945574735663
  0.58166627679740657  0.58872299727372757  0.59547496897448393  0.60193535884520011
  0.60801591578560454  0.61387849136456474  0.62015121966617637  0.62671179439667168
  0.63366364301216060  0.64077505811800950  0.64772785107070063  0.65436094215691520
  0.66067325135178978  0.66681660282204813  0.67287164580933811  0.67886402302865534
  0.68470181249525686  0.69030172790663280  0.69613595029792563  0.70201487320005251
  0.70791192315604856  0.71410852168817029  0.72045605538086877  0.72676456416170065
  0.73292553265918436  0.73919323547453342  0.74574330006237677  0.75238253160809021
  0.75905308262945914  0.76546660794390486  0.77165571565181112  0.77772697212477493
  0.78382915420022237  0.79015346661520081  0.79654282590213621  0.80277730273920656
  0.80877440053563243  0.81450261234970200  0.82005385580795598  0.82566870160744343
  0.83128863897298899  0.83681812464533023  0.84234432243423152  0.84790383373893441
  0.85336396762350364  0.85875512305626278  0.86416940809123743  0.86954753843873511
  0.87505049887606601  0.88070006375062260  0.88642421479433464  0.89226385982414269
  0.89812595258993666  0.90398538616750546  0.90982397926970116  0.91553292696296884
  0.92130163893669037  0.92715920104477212  0.93301522966122519  0.93896519977409099
  0.94501495308954209  0.95098634794211212  0.95723051645267321  0.96408598493084419
  0.97170933572412310  0.98018688526482656  0.98971741943460623  1.00000000000000000
 -0.00980331429814955  0.09046447173304287  0.11251400259549196  0.12847300006751883
  0.14169695242706185  0.15208348683575784  0.16098832782395811  0.16959991090037438
  0.17789095479060607  0.18547785628299052  0.19245138739549147  0.19912812289880044
  0.20583732214692951  0.21247925464427658  0.21920865656390412  0.22589819901140346
  0.23240284792988278  0.23881307931775295  0.24503594003369128  0.25108166366504503
  0.25714350790469265  0.26316261603881957  0.26915901343884246  0.27496958253757015
  0.28063615099140626  0.28642746630090793  0.29230181738102534  0.29828229501844816
  0.30439676484758593  0.31055862981991300  0.31672517464547956  0.32290677443687843
  0.32892552022757016  0.33463816120536216  0.34033319309953819  0.34619897806132688
  0.35252907457338678  0.35886717412944791  0.36513418038089401  0.37119607877993582
  0.37717002655534576  0.38310556687159147  0.38882043474858807  0.39443705779560162
  0.40001607920769272  0.40549868880675677  0.41113691141211822  0.41705112289564783
  0.42324431491186948  0.42967349641695812  0.43597758315234897  0.44219549213102621
  0.44819424682374753  0.45403877702342887  0.45988638605294252  0.46584279188878025
  0.47254359485580349  0.47896838547499188  0.48567704071994777  0.49230754481949568
  0.49932767501243314  0.50665439831485759  0.51399041825020764  0.52124618943575884
  0.52862092254837778  0.53603461596338553  0.54365473909772477  0.55143561572108757
  0.55919990560787902  0.56674538687545251  0.57427747025728182  0.58210332869500625
  0.59053306467481681  0.59950772289645837  0.60857798496669635  0.61760700654900447
  0.62636663349509925  0.63552660908456826  0.64496656608297187  0.65534235069658897
  0.66574357208471446  0.67582983425400001  0.68631835183928414  0.69747696845574858
  0.70908914037101844  0.72049491440459545  0.73253091621116828  0.74581176464454180
  0.76007551620767977  0.77549662162581701  0.79195675895499873  0.80942217870964217
  0.82841279256596556  0.84943449255255510  0.87995801011128516  1.00000000000000000
   2.6393480062010804E-005  -1.0000000000000000     
 F F F F F F F F F F F F F F F F F F F F F F F F F F F F F F F F F F F F F F F F F F F F F F F F F F F F F F F F F F F F F F F F F F F F F F F F F F F F F F F F F F F F F F F F F F F F F F F F F F F F F F F F F F F F F F F F F F F F F F F F F F F F F F F F F F F F F F F F F F F F F F F F F F F F F F F F F F F F F F F F F F F F F F F F F F F F F F F F F F F F F F F F F F F F F F F F F F F F F F F F F F F F F F F F F F F F F F F F F F F F F F F F F F F F F F F F F F F F F F F F F F F F F F F F F F F F F F F F
  <DiscreteSampler_grid>
  grouped_processes
  1 # 1 for a reference and 2 for a running grid.
  10 # Attribute 'min_bin_probing_points' of the grid.
  1 # Attribute 'grid_mode' of the grid. 1=='default',2=='initialization'
  0.0000000000000000 # Attribute 'small_contrib_threshold' of the grid.
  0.5000000000000000 # Attribute 'damping_power' of the grid.
 # binID   n_entries weight   weight_sqr   abs_weight
    19   10   8.615965565365709E+000   2.242263345742412E+002   8.615965565365709E+000
    20   10   8.615965565365672E+000   2.242263345742387E+002   8.615965565365672E+000
    22   10   2.134291726862257E+000   1.368936218888877E+001   2.134291726862257E+000
    23   10   2.134291726862248E+000   1.368936218888862E+001   2.134291726862248E+000
    25   10   8.638635331377042E+000   2.312363828710659E+002   8.638635331377042E+000
    26   10   8.638635331377007E+000   2.312363828710634E+002   8.638635331377007E+000
    28   10   2.157484638674591E+000   1.455865681544997E+001   2.157484638674591E+000
    29   10   2.157484638674582E+000   1.455865681544981E+001   2.157484638674582E+000
  </DiscreteSampler_grid>
