  0.00000013120926019  0.00000013628565911  0.00000015141670671  0.00000016539675711
  0.00000018218818477  0.00000019961093693  0.00000022027490340  0.00000024154855309
  0.00000026590842943  0.00000029062023251  0.00000031963477311  0.00000034968190709
  0.00000038463007164  0.00000042142554901  0.00000046293847358  0.00000050738239605
  0.00000055698542931  0.00000061079789616  0.00000066985296616  0.00000073320424622
  0.00000080323388626  0.00000088067960050  0.00000096498649100  0.00000105850130663
  0.00000115841093458  0.00000126951492146  0.00000138771202320  0.00000151970680418
  0.00000165970271235  0.00000181960886902  0.00000198465578384  0.00000217792199803
  0.00000237545155577  0.00000259952741880  0.00000283492921415  0.00000310208415105
  0.00000338764858054  0.00000370239756980  0.00000403650509856  0.00000440168509063
  0.00000480420687160  0.00000522779240488  0.00000570296277514  0.00000619512894980
  0.00000675948628275  0.00000731606646729  0.00000794784804386  0.00000857707164114
  0.00000927788162431  0.00001002426210171  0.00001083165651535  0.00001172039621023
  0.00001266873375687  0.00001371599224741  0.00001484691366664  0.00001606368487211
  0.00001740806503628  0.00001880929227141  0.00002035413957488  0.00002200347487046
  0.00002382335215550  0.00002589366242640  0.00002820362856686  0.00003078450754964
  0.00003352812051313  0.00003635366335399  0.00003930506843432  0.00004253629346210
  0.00004617240494024  0.00005015559957167  0.00005455512726523  0.00005950090157385
  0.00006525067868852  0.00007188115677112  0.00007901249688512  0.00008732013465343
  0.00009718731737245  0.00010805613245333  0.00012064784426418  0.00013365201790570
  0.00014771315259024  0.00016323058141008  0.00018031180454860  0.00020003519981099
  0.00022295070325089  0.00025298078787623  0.00029066191248297  0.00034368711259058
  0.00041360808434993  0.00050099664909060  0.00060588853539843  0.00076383312622459
  0.00113061624034914  0.00225656852298063  0.02209139403568296  1.00000000000000000
  0.00000245826073838  0.00000257733328804  0.00000272525099317  0.00000289190162333
  0.00000306112767278  0.00000324380961125  0.00000343874710196  0.00000364400530011
  0.00000386592454594  0.00000410331841959  0.00000435880667079  0.00000463549512450
  0.00000492461922874  0.00000523280005241  0.00000555927935527  0.00000590033733000
  0.00000627143130665  0.00000664736235874  0.00000705799411919  0.00000748312249246
  0.00000793035160121  0.00000840690920822  0.00000890676877889  0.00000943314321041
  0.00000998968773223  0.00001057260083335  0.00001119471760558  0.00001185047816674
  0.00001252592744044  0.00001326641827645  0.00001403305609284  0.00001485531420397
  0.00001571982160447  0.00001662035235633  0.00001756144010120  0.00001854650632417
  0.00001955945856361  0.00002068532980196  0.00002186102535657  0.00002312850302950
  0.00002447831591478  0.00002587859035977  0.00002735730585596  0.00002892171382630
  0.00003055831393646  0.00003228596568681  0.00003406589760148  0.00003589358029281
  0.00003792095203665  0.00003997083987900  0.00004217538524870  0.00004451554236752
  0.00004698214269775  0.00004963576066670  0.00005244890282653  0.00005540155952732
  0.00005855030259994  0.00006188935391492  0.00006534983504709  0.00006890019168690
  0.00007262323755666  0.00007656966734516  0.00008091544140919  0.00008531711405532
  0.00009001033743224  0.00009516301770187  0.00010079808105284  0.00010721682999049
  0.00011415726995650  0.00012108125508715  0.00012850601883905  0.00013616835691014
  0.00014559628335780  0.00015619969226275  0.00016784491813095  0.00018071288306772
  0.00019515032184710  0.00021132614577433  0.00022850515767830  0.00024570027701647
  0.00026476699461119  0.00028479437973726  0.00030604955301543  0.00032874755731821
  0.00035518172601806  0.00038484823089862  0.00041784969643876  0.00045346526335506
  0.00050824324220788  0.00061549555408456  0.00072085920197613  0.00083956940581227
  0.00092263800956078  0.00103074731275940  0.00521314518947980  1.00000000000000000
 -0.00212646674596159  0.00929154748240283  0.01894602660793045  0.02906247098017393
  0.03901245362218721  0.04924603247882280  0.05952601263504394  0.06972654293179892
  0.07993514683138803  0.09022860881970136  0.10068826660548033  0.11109777869581065
  0.12142429165223118  0.13149767414489827  0.14143301892742546  0.15109453363996447
  0.16079630224935229  0.17067619848102966  0.18071667975383315  0.19092342107661642
  0.20117115573542532  0.21146926711561434  0.22197870995438149  0.23241634378821155
  0.24315309339627059  0.25373229267637637  0.26437644719046044  0.27481624284054723
  0.28532244800438566  0.29581253610031083  0.30620018802725341  0.31664199588788405
  0.32724912186654520  0.33804205140697668  0.34899595738669076  0.35996263287276387
  0.37100056350486948  0.38237771357994604  0.39374302611824863  0.40491848469109326
  0.41584942406126713  0.42676918185520740  0.43781028536832189  0.44839645507374848
  0.45900093707746387  0.46966675260405299  0.48073029839686271  0.49198547726433212
  0.50338122308444888  0.51466505895705539  0.52582573459717830  0.53669726921379557
  0.54760186685151035  0.55865541102792404  0.56994722279837762  0.58116829935851555
  0.59223532992950678  0.60309901780144226  0.61399626818042419  0.62498534528059047
  0.63576041734214206  0.64666057302251301  0.65743608639594642  0.66844663456652964
  0.67918447389695136  0.68996758830076743  0.70058185494290792  0.71110995407112754
  0.72158254126721832  0.73211912638433208  0.74283654197283178  0.75352641622819261
  0.76410894796392115  0.77466184776762126  0.78480928378481996  0.79517432265885535
  0.80550790243041037  0.81618616793785259  0.82640803491840642  0.83646623626342220
  0.84639740355209447  0.85651753639893868  0.86694452763471164  0.87751191627698155
  0.88806651364344735  0.89848409664749129  0.90888481162309276  0.91938182697976933
  0.92991505212084014  0.94044625847289676  0.95076004903506772  0.96103246603689585
  0.97132927121556389  0.98136722037581314  0.99086316965453436  1.00000000000000000
 -0.00225360556769626  0.00974657881444798  0.01984234114051347  0.03063140385467529
  0.04122529461323148  0.05191739854020434  0.06220683223553759  0.07305619192797305
  0.08385892630469424  0.09454515088857235  0.10520516319340195  0.11557639858626396
  0.12615359375582055  0.13672784149185382  0.14750039626660086  0.15826685472951121
  0.16899524655058348  0.17938564138270158  0.18975052911580756  0.19993317402911187
  0.21032123343009620  0.22074176135145851  0.23112264717827255  0.24173486164124244
  0.25228750655453663  0.26293150587445019  0.27364684886273405  0.28405673972450257
  0.29434251324221650  0.30408965979662628  0.31403198644369429  0.32408741691635584
  0.33448071319328410  0.34511275879064929  0.35574563017115679  0.36650064607517407
  0.37688013515613000  0.38720583050218566  0.39744998601895204  0.40775521657565283
  0.41818474506465730  0.42868188427744569  0.43943979478494377  0.45032863899583836
  0.46110267169339986  0.47172202941017788  0.48221243595218349  0.49282412517507962
  0.50342968423113399  0.51385364478417994  0.52434338852423812  0.53496272228027775
  0.54562518028758034  0.55629299334345517  0.56702354325974946  0.57798562797949693
  0.58853096007276307  0.59893073635909311  0.60933589673800026  0.61987978632177465
  0.63029292859943054  0.64057206786158583  0.65101189141154270  0.66160922973594249
  0.67210542109725435  0.68257074987916422  0.69308098458865863  0.70370097648964502
  0.71382374922943281  0.72414901703757373  0.73488723923084653  0.74638064377217905
  0.75731040055614518  0.76767765884091554  0.77808306801243943  0.78859192367978126
  0.79925296114779909  0.80981614103225863  0.82042098731430824  0.83103741761278627
  0.84140884956786466  0.85162581340702548  0.86180014676101901  0.87222965695112831
  0.88273338613147057  0.89317950637730381  0.90369426693800003  0.91422948643269952
  0.92484114642739201  0.93552619730905229  0.94628946011585935  0.95708563380794587
  0.96792774939797455  0.97856185991912259  0.98937842032888212  1.00000000000000000
 -0.00241705818391713  0.00952668815637461  0.01966790300080021  0.03007659243283144
  0.04073488520246083  0.05152829791553131  0.06229285109210361  0.07290521620475547
  0.08358439364941284  0.09417095356072927  0.10500131347485737  0.11570353803506572
  0.12654172512342429  0.13735178617437294  0.14819064977675669  0.15918311118789963
  0.17000675599887874  0.18091761608684090  0.19154435398145342  0.20227716296364959
  0.21301264429814459  0.22350392107149389  0.23389319398570271  0.24427081652288984
  0.25496086611710772  0.26555421274785512  0.27607176933726069  0.28638397979000024
  0.29677063274523446  0.30731018306315716  0.31793075406182469  0.32848657500321715
  0.33901702061052097  0.34970175256369745  0.36054748198827963  0.37124844190136996
  0.38207486713032213  0.39302333625492597  0.40404119153307488  0.41469520830503320
  0.42551369007849854  0.43650274523872373  0.44765368288615953  0.45861497750683916
  0.46917073551648619  0.47948700748197765  0.48959792389085571  0.49997172208083540
  0.51036048168642700  0.52068118940404917  0.53102699049387969  0.54156011854002450
  0.55230773912496589  0.56296702309170610  0.57352294901349798  0.58414864641382280
  0.59457789776976488  0.60504758629766697  0.61568546030774340  0.62670334575574937
  0.63730283224126882  0.64780624999244074  0.65804073217711856  0.66836993787138776
  0.67839689303658646  0.68868242877001284  0.69921911998114827  0.70979095971186090
  0.72010471202073478  0.73058894328984936  0.74126758627165168  0.75173684190110412
  0.76208098059409302  0.77227198937520014  0.78266674882162268  0.79311561304253386
  0.80347929571914878  0.81384692413525983  0.82416980509716786  0.83459734212544379
  0.84507735177275567  0.85509935918399593  0.86525641630782912  0.87560583077489051
  0.88618996553771145  0.89670247203559728  0.90669791896944107  0.91678140093500526
  0.92704472169211771  0.93740922128133308  0.94784513762292455  0.95850286475285018
  0.96922627546020523  0.97986175650630802  0.98997094999933444  1.00000000000000000
  0.10257005839289593  0.14932660085197497  0.17396272177376501  0.18209454095265995
  0.19321850217075714  0.20285612528673999  0.21228701950816048  0.22158098181775962
  0.23077542015846700  0.23987317499988203  0.24904335937865235  0.25819416619306390
  0.26728851307665352  0.27648182295804030  0.28573642036990798  0.29495578415028001
  0.30406834668388433  0.31322794367268042  0.32266130739110949  0.33220909702639723
  0.34164186091223253  0.35094030172135621  0.36018553454063085  0.36946392076128709
  0.37866542412541460  0.38772244885334739  0.39668182675560720  0.40566522605811595
  0.41461793538520703  0.42346020075031438  0.43232905860791476  0.44126865810989607
  0.45022681493778421  0.45910078470375815  0.46791424520284730  0.47661353589138883
  0.48523728268607214  0.49387620525449399  0.50250567154747539  0.51116525826689008
  0.51977200566381143  0.52832274546381497  0.53680605651088986  0.54533458960746772
  0.55382032781719681  0.56228753572960954  0.57069470911526332  0.57905702090085309
  0.58745651727107517  0.59590488289123134  0.60439217160806680  0.61283949898260437
  0.62119872200954496  0.62954591200357934  0.63793753582750923  0.64638887497696729
  0.65485367974425979  0.66328507194861319  0.67147420909346078  0.67956585500748024
  0.68766869627274774  0.69588014913049101  0.70409912941201691  0.71234248004098821
  0.72062655168219791  0.72902180087824753  0.73745935845959798  0.74585526446953376
  0.75407112228000628  0.76218497801196350  0.77035414056403229  0.77852555480433239
  0.78668129084067673  0.79481107720865851  0.80301054806208549  0.81135565150410704
  0.81976730825898370  0.82818093280896665  0.83656200134208591  0.84487312128764214
  0.85317586228281816  0.86148397590347103  0.86980956670446974  0.87825189654997515
  0.88674449939618738  0.89528277914620380  0.90392676830747165  0.91274913636403521
  0.92184590583332948  0.93122623651429326  0.94084915327347474  0.95073108079481006
  0.96114859500735927  0.97249623981705291  0.98550450479034346  1.00000000000000000
 -0.03565374168852847  0.18785808913590285  0.19264395691251299  0.19728941134976824
  0.20194670918111382  0.20675406139351549  0.21167447434139655  0.21631860917281717
  0.22084153164947753  0.22542407469228090  0.22981356630258948  0.23403988573831000
  0.23892913200130178  0.24360084992684997  0.24840130851604458  0.25301341437319558
  0.25743659478120740  0.26184754601473509  0.26631347303599079  0.27080404662763008
  0.27543605897828938  0.28015510871281790  0.28485904826895547  0.28949837655004934
  0.29422389805104993  0.29896025557728911  0.30374527078105013  0.30855245557502481
  0.31340118466472150  0.31834479915479519  0.32336725214521334  0.32843583622003791
  0.33355237201661897  0.33871459979628110  0.34394462895467293  0.34917250642438435
  0.35443388451427826  0.35975293172169293  0.36521247793559747  0.37077460117280647
  0.37638400260654542  0.38196561982716815  0.38759899412971344  0.39319785898646781
  0.39885058486967612  0.40452071339433643  0.41018460591964628  0.41600725401818323
  0.42189407409517726  0.42778670504338701  0.43365825985891915  0.43958590935021224
  0.44561056913420621  0.45168252528090630  0.45779580810268927  0.46396067527223533
  0.47018584374079703  0.47652835014552752  0.48299156150952904  0.48952152311087749
  0.49609361626400700  0.50267655377848486  0.50928953968700119  0.51592669965040550
  0.52261161001419654  0.52946441674822220  0.53640411705506930  0.54344963507624955
  0.55066228302652354  0.55798397038282177  0.56541107482838604  0.57298570010843541
  0.58062327718373508  0.58833812762465254  0.59619516766762481  0.60420425981227321
  0.61243301839275621  0.62085702437547730  0.62949191557091566  0.63837349652377451
  0.64736135198199163  0.65662970235701945  0.66620202366979120  0.67631272350677751
  0.68695560002349465  0.69838130211638993  0.71022987407429317  0.72291982922917686
  0.73640050238846055  0.75115403900400135  0.76714313867478023  0.78501573870568186
  0.80620373454242666  0.83224627723185185  0.86851494351958280  1.00000000000000000
   1.5047710845338918E-003  -1.0000000000000000     
 F F F F F F F F F F F F F F F F F F F F F F F F F F F F F F F F F F F F F F F F F F F F F F F F F F F F F F F F F F F F F F F F F F F F F F F F F F F F F F F F F F F F F F F F F F F F F F F F F F F F F F F F F F F F F F F F F F F F F F F F F F F F F F F F
  <DiscreteSampler_grid>
  grouped_processes
  1 # 1 for a reference and 2 for a running grid.
  10 # Attribute 'min_bin_probing_points' of the grid.
  1 # Attribute 'grid_mode' of the grid. 1=='default',2=='initialization'
  0.0000000000000000 # Attribute 'small_contrib_threshold' of the grid.
  0.5000000000000000 # Attribute 'damping_power' of the grid.
 # binID   n_entries weight   weight_sqr   abs_weight
    19   10   2.335195549784861E+004   1.945937259356041E+009   2.335195549784861E+004
    20   10   2.335195549784854E+004   1.945937259356031E+009   2.335195549784854E+004
    22   10   5.530020374856763E+003   1.119401228675985E+008   5.530020374856763E+003
    23   10   5.530020374856747E+003   1.119401228675981E+008   5.530020374856747E+003
    25   10   2.578554006538698E+004   2.333791369935610E+009   2.578554006538698E+004
    26   10   2.578554006538689E+004   2.333791369935594E+009   2.578554006538689E+004
    28   10   6.670668341261107E+003   1.574779031174085E+008   6.670668341261107E+003
    29   10   6.670668341261082E+003   1.574779031174072E+008   6.670668341261082E+003
  </DiscreteSampler_grid>
