  0.00000012989984315  0.00000015268745082  0.00000017216079034  0.00000019330791604
  0.00000021666940908  0.00000024313124194  0.00000027388299028  0.00000031292528889
  0.00000035822002501  0.00000040656862594  0.00000045741936578  0.00000051041088912
  0.00000056869486456  0.00000063291462707  0.00000070251089274  0.00000077760555233
  0.00000085868431212  0.00000094872082331  0.00000105127259001  0.00000117244711226
  0.00000131740356187  0.00000148347855744  0.00000167247290777  0.00000188193467053
  0.00000210554520923  0.00000234825499027  0.00000260920507034  0.00000289382861115
  0.00000323133293499  0.00000360697264491  0.00000402422683648  0.00000448606713603
  0.00000498910187531  0.00000559268836835  0.00000626899450274  0.00000700600227345
  0.00000780746242490  0.00000867816487565  0.00000969703666003  0.00001086267262654
  0.00001216055882287  0.00001363875030298  0.00001533433500777  0.00001731746147817
  0.00001958908868574  0.00002205033779342  0.00002475104296222  0.00002777522474710
  0.00003115095756667  0.00003492316379297  0.00003908910306474  0.00004377163468156
  0.00004898020297032  0.00005479911041036  0.00006037199299429  0.00006623611130879
  0.00007260614208270  0.00007969810385904  0.00008812090181997  0.00009797136769532
  0.00010917365318704  0.00012168846957657  0.00013413948060347  0.00014750885990058
  0.00016199002868454  0.00017787441563975  0.00019637312126412  0.00021623418083157
  0.00023773175878571  0.00026210364738565  0.00029019547370352  0.00032556740380721
  0.00036462527429997  0.00040445697809102  0.00044839797068992  0.00050551688764013
  0.00057908317192838  0.00066730501434097  0.00076627498943777  0.00087069369405246
  0.00098132062090146  0.00110789476527003  0.00125249072900787  0.00141880053276912
  0.00159949501752863  0.00183661878691388  0.00214724985546632  0.00275558951597213
  0.00351549099093825  0.00420794797701297  0.00595343896475927  0.00828959812488379
  0.00961827254311493  0.01070902494648608  0.10357150271302250  1.00000000000000000
  0.00000288701921688  0.00000309337533808  0.00000324547028793  0.00000336504682361
  0.00000344155080890  0.00000352768408290  0.00000362196422179  0.00000373099796406
  0.00000384726578089  0.00000396979680886  0.00000409690367853  0.00000423154996634
  0.00000437997810146  0.00000454300002885  0.00000470845040111  0.00000486358370447
  0.00000504330443028  0.00000524511019061  0.00000545763119933  0.00000566690437762
  0.00000587704221055  0.00000609563860876  0.00000631884405290  0.00000655427808289
  0.00000682334514649  0.00000713242312293  0.00000744936864020  0.00000776759205645
  0.00000810711232409  0.00000845776921817  0.00000880886224514  0.00000916748485071
  0.00000954592501349  0.00000995281786847  0.00001036018108096  0.00001082164997597
  0.00001133571515756  0.00001185946289680  0.00001235169966106  0.00001288215763699
  0.00001342650691073  0.00001399547459182  0.00001462872556082  0.00001533617962053
  0.00001608330228895  0.00001682579048949  0.00001765408582364  0.00001854570011534
  0.00001948150866327  0.00002052868148946  0.00002158101697284  0.00002269166995282
  0.00002387906504140  0.00002514696129507  0.00002655432527094  0.00002814897588684
  0.00002993224734647  0.00003184286133494  0.00003391461295486  0.00003607141108965
  0.00003843953098954  0.00004101490213699  0.00004381307718483  0.00004682991530552
  0.00005017479767926  0.00005376799383337  0.00005756222437316  0.00006155932310726
  0.00006611532907088  0.00007151957398441  0.00007754175585811  0.00008389902719517
  0.00009068408804541  0.00009840083731925  0.00010735525398022  0.00011746543401710
  0.00012935442014960  0.00014360239952395  0.00016247812426751  0.00018290374939819
  0.00020396092035258  0.00022825680006158  0.00026027059528210  0.00029947175126110
  0.00035478462598926  0.00041849901456790  0.00050825389076473  0.00059600541074902
  0.00069370770797137  0.00085649889936132  0.00104449075447717  0.00124939049144900
  0.00152103741963622  0.00205761776507980  0.02517086175738550  1.00000000000000000
  0.00000070316796424  0.00000088596848245  0.00000128426398540  0.00000179774112700
  0.00000225074094555  0.00000262460687665  0.00000298355472499  0.00000337046422306
  0.00000381925514849  0.00000433063797180  0.00000492474948238  0.00000557179030115
  0.00000627058664725  0.00000697459499242  0.00000772316613224  0.00000854142289600
  0.00000947236630452  0.00001045163827716  0.00001154945936736  0.00001271153536268
  0.00001397281173910  0.00001537260794817  0.00001683559738180  0.00001839445587925
  0.00001998452755737  0.00002177494716972  0.00002359858459063  0.00002555466754777
  0.00002762093773369  0.00002979682166024  0.00003207075305345  0.00003445051934637
  0.00003704189982428  0.00003987219800478  0.00004295883849912  0.00004628113722706
  0.00004999248210995  0.00005395520623688  0.00005825937116414  0.00006271894110879
  0.00006735112940335  0.00007217491949591  0.00007700478988118  0.00008230417009881
  0.00008776915275542  0.00009397149721080  0.00010038679607648  0.00010696058405399
  0.00011350836531756  0.00012068179039149  0.00012910857415237  0.00013803755586134
  0.00014667146331968  0.00015511743628657  0.00016370951678288  0.00017276041568699
  0.00018323531212292  0.00019516938231391  0.00021010431036242  0.00022498302315481
  0.00023974974981995  0.00025250963267823  0.00026556556304673  0.00027961566543125
  0.00029443815822530  0.00031056375212458  0.00032820958268663  0.00034704063968686
  0.00036990646969538  0.00039293871102508  0.00041401761161512  0.00043838277627557
  0.00046466161842977  0.00049693231150078  0.00053756674032359  0.00059153412027285
  0.00065647300481425  0.00074042592897010  0.00085968454931790  0.00100446456875214
  0.00113868572241274  0.00124892633226149  0.00137312751075989  0.00149471953739805
  0.00161046757004957  0.00173345335076338  0.00199034170886126  0.00235546386205830
  0.00274467333062273  0.00351536195277979  0.00440535283251615  0.00505232849762720
  0.00590241989767962  0.00803427166308766  0.01274357750585691  1.00000000000000000
 -0.00216523418634208  0.00774094019814712  0.01681794739532044  0.02636920108565751
  0.03636903418435451  0.04608873849049142  0.05592309565407055  0.06597821652984807
  0.07601287323330209  0.08634350932411694  0.09661829568329743  0.10690860769279173
  0.11673305376557773  0.12632672106999646  0.13616917639594839  0.14628160650050012
  0.15718248177916863  0.16811304368224456  0.17936845264838219  0.19068401203822724
  0.20259184987715997  0.21492933417169655  0.22749743912523723  0.23951513663373991
  0.25112159495917058  0.26285027672021921  0.27478759592849955  0.28682802432104587
  0.29868090033080225  0.30987558079817562  0.32000328991145804  0.32954225568955087
  0.33941532409819319  0.35024995811286191  0.36160210971473672  0.37288980356504425
  0.38419025362865866  0.39548762389804853  0.40610415493228263  0.41632589504323364
  0.42673805966263118  0.43802296377795036  0.44918033907098170  0.46030261272865974
  0.47193159697519288  0.48408870959049299  0.49587697632385708  0.50647367198313820
  0.51619310346570435  0.52597646712710222  0.53610763184612786  0.54680476068587891
  0.55771498019468690  0.56866011068750610  0.57956857228827974  0.59083758674515563
  0.60189400980899188  0.61296405482077831  0.62451341905296709  0.63533589720807537
  0.64658709359762156  0.65755866544219599  0.66871179030075700  0.67719548900606930
  0.68583684441517989  0.69495759829797510  0.70498040390546779  0.71530411707930064
  0.72548206869979692  0.73605898076201726  0.74693626566450977  0.75734529563543851
  0.76786119781284679  0.77879350404851344  0.78952789859641714  0.79995263629609437
  0.80962333427152511  0.82014719981094375  0.83103534709286420  0.84200188594762626
  0.85208802538365969  0.86187003489943359  0.87195428711633149  0.88248042035732799
  0.89191636666232199  0.90067632278970633  0.90912183634378008  0.91832235569097442
  0.92834747476836588  0.93974643670092284  0.95082022180581927  0.96156233741851727
  0.97158775362661831  0.98120253284415815  0.99093138171005279  1.00000000000000000
 -0.00240481580242278  0.00974677302381042  0.02056791453659985  0.03091880115978538
  0.04102785412968799  0.05059565774228220  0.06025595609075906  0.06943143251787821
  0.07988134783103905  0.08951557165656668  0.09900385602465470  0.10889665396587342
  0.11948768084897950  0.13026275013500008  0.14148505758722685  0.15226578091019310
  0.16270397011627105  0.17273880238180706  0.18301378692124451  0.19380926770533821
  0.20461884646761250  0.21513962223018071  0.22557649907901695  0.23623450640937987
  0.24706541775295640  0.25775293972181307  0.26814728361377416  0.27876735863609464
  0.28965598720441255  0.30011822439410590  0.31006025808707466  0.32021889521739849
  0.33140119280870134  0.34348079316216151  0.35608269322410230  0.36846699518046871
  0.38029104419911636  0.39160015645806390  0.40271404221575391  0.41370012831313924
  0.42470781285381198  0.43562161747159872  0.44676188844529147  0.45766812492261361
  0.46828240219262268  0.47867680660215245  0.48873746667594931  0.49935532647161129
  0.51042578534642680  0.52051796597509903  0.53013967710152132  0.53965519363310688
  0.54959731320231986  0.55915745683297902  0.56874191848861588  0.57836322307808896
  0.58825030220802066  0.59799149963290510  0.60800670456731309  0.61915534340808653
  0.62986864595140701  0.64021868394884263  0.65011828015699114  0.66011944699412484
  0.67022247412949609  0.68041531180714898  0.69087299381218614  0.70211006811998544
  0.71354340784335235  0.72474495724723964  0.73592782386270905  0.74753889786517080
  0.75918900352888885  0.76986957487709329  0.77959455723241666  0.78863203812850280
  0.79749177998513543  0.80643517201684234  0.81555422448419357  0.82560204092162504
  0.83535495321897035  0.84595684827117168  0.85654118741100216  0.86821713307141268
  0.88054764731269897  0.89277913170715351  0.90390298227939836  0.91445622068407750
  0.92491642064294854  0.93579748248890027  0.94629287136852236  0.95714805307718787
  0.96801877095786493  0.97872338109270318  0.98929095334087613  1.00000000000000000
 -0.00253895517483598  0.01081324502228725  0.02187572420680890  0.03372045171881458
  0.04487475007396850  0.05521763925199390  0.06495193836608570  0.07437325730410287
  0.08373878468229595  0.09320067579188918  0.10305174270042036  0.11318388601463947
  0.12350786490263471  0.13375586167210743  0.14411995599271246  0.15406539644101191
  0.16356525516451556  0.17296508324862325  0.18270996039380125  0.19281881458486771
  0.20319776200105374  0.21355146535802308  0.22420812401935519  0.23501005711963688
  0.24586846295450948  0.25670413457064545  0.26717995066945416  0.27653312626900572
  0.28577154442452218  0.29475865651202637  0.30421508352100030  0.31366934972413180
  0.32366379381947635  0.33444929482453373  0.34595402873919234  0.35727220982479685
  0.36813841837418843  0.37902667605410800  0.38964276702401834  0.39984196772276809
  0.41000270825388258  0.42070762384398713  0.43213427819018013  0.44309531490149784
  0.45330898653188717  0.46352158047367148  0.47403301429952038  0.48472455762808114
  0.49583143048153261  0.50782215842133382  0.51980579986920328  0.53091519149767863
  0.54153626498565910  0.55219998587109898  0.56304209885757006  0.57380237163127490
  0.58415338550518492  0.59418866578887586  0.60439134368013570  0.61511814650020791
  0.62653468749370878  0.63803676358620454  0.64906383750966090  0.66004443337625807
  0.67087141693780405  0.68162703667769187  0.69207974529744543  0.70185403955226477
  0.71176370845663717  0.72216070142849242  0.73303659443266156  0.74382327522307379
  0.75419534554306467  0.76466278192459669  0.77544748067212521  0.78702916223271524
  0.79918126455046690  0.81066683340311296  0.82106558725968282  0.83098700205340292
  0.84104358479668129  0.85157387263617290  0.86252168856976574  0.87350123022093562
  0.88444599240655331  0.89526331155489070  0.90601587622440038  0.91633001083885590
  0.92644281492718739  0.93669845371503402  0.94711396198328524  0.95771070326239249
  0.96828427684220419  0.97864756306380429  0.98950444588207964  1.00000000000000000
 -0.00010982960905724  0.00004625339149682  0.00023166515412259  0.00050094496487155
  0.00068782011316833  0.00081094830911271  0.00093204062107069  0.00105339457324002
  0.00117898470460742  0.00130390873929658  0.00142772866483258  0.00155449239666312
  0.00168360380697538  0.00181823891997359  0.00195469974144818  0.00209448615490855
  0.00223752775613610  0.00238372840500982  0.00251641943931962  0.00264724856329894
  0.00277400889271648  0.00289736092844870  0.00301590113338680  0.00314530563174741
  0.00328331389710147  0.00346669739108731  0.00360096539746186  0.00371117724283699
  0.00381949435562486  0.00392548611245927  0.00403072414018838  0.00413160247846523
  0.00423248081674208  0.00438389642275708  0.00454217457917867  0.00467937200910275
  0.00481861305618572  0.00495990067496016  0.00506337051109743  0.00515400778718747
  0.00526945245365991  0.00540861989513611  0.00553911083747043  0.00566982155601030
  0.00578448389170453  0.00589617980554361  0.00601553588638402  0.00613729416391837
  0.00631568863812169  0.00649298561735581  0.00664801052822774  0.00676071303460876
  0.00689991336254850  0.00704592710218154  0.00719040242910606  0.00733416899279856
  0.00749822624606091  0.00767841681029570  0.00789968468657902  0.00811452800093495
  0.00833263719109603  0.00857694858441476  0.00897593970955223  0.00948585172065428
  0.00970756039727860  0.00991355347788064  0.01010206670976282  0.01026919484389939
  0.01043840196622418  0.01061100557768663  0.01100753334894642  0.01142231352943856
  0.01270738398506202  0.01460146374915459  0.01503750561341806  0.01564925895507928
  0.01589558080579036  0.01629068658995883  0.01671124336590363  0.01694615455586735
  0.01740332799669625  0.01767861366747779  0.01804802958711870  0.02318729838019343
  0.02409622557095254  0.02434840394064371  0.02460058231033487  0.02503997381100254
  0.02578899748468460  0.02653802115836665  0.02722509105784100  0.02765274152827051
  0.02808039199870003  0.02934502780832904  0.12754650513455140  1.00000000000000000
 -0.00245676076114207  0.01022809743998954  0.02064679737370808  0.03083598011167770
  0.04094181682642430  0.05142029603513441  0.06192591448411436  0.07194039359361842
  0.08219197155537264  0.09304276950885235  0.10458872568796626  0.11559437118233530
  0.12640686648962093  0.13739996932634979  0.14839141500207165  0.15884016282929192
  0.16899621551005797  0.17924982420448740  0.19042893756042362  0.20200683500781441
  0.21347597443964636  0.22504093596038302  0.23661396689029005  0.24849209743219747
  0.26095826028888558  0.27302707902108692  0.28436626573888807  0.29591191164630254
  0.30774280861400927  0.32022745092744265  0.33243407723504909  0.34400587012268202
  0.35591017328875635  0.36632895009162331  0.37700061605698437  0.38720399883280848
  0.39740075172604195  0.40703281239202443  0.41618752368643891  0.42509173424613034
  0.43339741701508033  0.44163516793989988  0.44945797557718281  0.45780913987267602
  0.46582837949460210  0.47336616182290742  0.48068721480468662  0.48832336988655722
  0.49650222646091668  0.50514172098643728  0.51362798508706953  0.52144946439937434
  0.52903497421832402  0.53679265430921730  0.54519080190500524  0.55387705686104283
  0.56267874625722381  0.57196677686225694  0.58166526807231100  0.59159077792071413
  0.60129740260527187  0.61141080152842042  0.62233025548879750  0.63350720247718595
  0.64425433755316797  0.65409891455688196  0.66444546427449136  0.67496847244311764
  0.68642432755235294  0.69871687591366494  0.71163388629711755  0.72512232371180119
  0.73837303874511473  0.75125717389374802  0.76386870556550412  0.77611277944018409
  0.78817566262065897  0.80042804409520563  0.81313314492979849  0.82542273649475362
  0.83718762467522345  0.84872973374788585  0.86064723184944725  0.87282090614553287
  0.88472092364602495  0.89600416068965327  0.90631354093692673  0.91691561592571891
  0.92733433611133553  0.93690852316998208  0.94616120268490700  0.95533865590744049
  0.96633505806261633  0.97766564148084134  0.98889021415100986  1.00000000000000000
  0.32686760268893250  0.44287319753003407  0.45481796330376562  0.46731248473506515
  0.48584206219144316  0.49457152836377538  0.50401897362304138  0.51525860887068442
  0.52413529888339805  0.53204843344978359  0.53973834458134240  0.54819263619501468
  0.55696093164289817  0.56584079826008216  0.57464944963817366  0.58323007363431412
  0.59131336023401737  0.59945972378771939  0.60756897154851131  0.61538232587264685
  0.62258865829113519  0.62934649575441926  0.63586934570901210  0.64236079153364090
  0.64895859346771723  0.65556906249852198  0.66233127908037770  0.66900849349729741
  0.67542865925708295  0.68167269517075746  0.68789332607827902  0.69412100907440988
  0.70054796510044048  0.70683457249633430  0.71327643592214607  0.71945364730197725
  0.72538476230969906  0.73119287438703318  0.73695055109821439  0.74283612575763702
  0.74875429482670042  0.75448934244251931  0.76025993448535789  0.76614732653567552
  0.77204295606713946  0.77800865086189064  0.78368455805429227  0.78947172756076733
  0.79503915392054203  0.80068577575464239  0.80619632429946142  0.81156446221686784
  0.81685093331273428  0.82229496449590744  0.82773123867093823  0.83297696620774797
  0.83776675499425379  0.84236758513325893  0.84703004593210196  0.85172914853005188
  0.85650410470213656  0.86117270744932917  0.86566057952079323  0.87013522067196103
  0.87465198531625754  0.87914667614488251  0.88359823159811568  0.88800588346017872
  0.89237052215600254  0.89675167114389542  0.90111762455003575  0.90543742944795058
  0.90957638967240895  0.91367864514037400  0.91768726519748189  0.92174489827679329
  0.92586768431654420  0.93003729322059936  0.93422387380564043  0.93831794009710812
  0.94223451914458622  0.94604287541155574  0.94987927691440488  0.95376462102117887
  0.95764235084624405  0.96140118401870922  0.96508846032698481  0.96859607602260311
  0.97202663524436406  0.97540726971791181  0.97885435720495195  0.98246040338736340
  0.98627151676947566  0.99040439599380503  0.99498416408647250  1.00000000000000000
  0.00344858361236373  0.13525392886503021  0.16441890024325101  0.18483309566991643
  0.20245745314516025  0.21901557085605522  0.23307971976550618  0.24726043034791109
  0.26164840067624662  0.27602225086893101  0.28980608456427193  0.30298972440145971
  0.31600178945434365  0.32907043717567280  0.34237619821960669  0.35517403391354307
  0.36691375825524081  0.37841973920188021  0.38898658693164145  0.39887878031469953
  0.40806811073621496  0.41712592051233238  0.42646512633196065  0.43594163093840088
  0.44536999726792637  0.45429483723498520  0.46286690935030683  0.47120363802091508
  0.47932202102160720  0.48673754336313974  0.49364744716140724  0.50043416220218906
  0.50729129102278847  0.51400664230281046  0.52084828029314489  0.52758057078412945
  0.53456914726095761  0.54140348079002720  0.54835507706461362  0.55561361401832809
  0.56282905060114319  0.57004309322816193  0.57720395479554054  0.58435627566811033
  0.59121410111009043  0.59804722371045338  0.60449569037966566  0.61070270187469933
  0.61705730026220662  0.62349580626831991  0.62974138134523094  0.63580486509444689
  0.64138160511056785  0.64673683307689400  0.65228734146881828  0.65782550859428424
  0.66380435579336539  0.66982834052058526  0.67581935008536620  0.68181579710209772
  0.68784474503599802  0.69379963260519406  0.69946380313998391  0.70478884110237972
  0.70997180077800226  0.71514724183473311  0.72051038337090112  0.72628733535347922
  0.73222791854469882  0.73790941533342813  0.74313964792405818  0.74819956262690146
  0.75329389159224946  0.75870582989687918  0.76434891550742645  0.77000927468993652
  0.77561503071277205  0.78110644272835272  0.78658498167981472  0.79228330160472238
  0.79821767675545308  0.80403494086834859  0.81004409417102552  0.81623035793560994
  0.82273925542986304  0.82944675718360139  0.83647355781830823  0.84413783154711042
  0.85210892249478443  0.86090787529897561  0.87009634075591591  0.88034396595188180
  0.89193672266048651  0.90739107286801735  0.93629828786810132  1.00000000000000000
   5.7213258145689220E-006  -1.0000000000000000     
 F F F F F F F F F F F F F F F F F F F F F F F F F F F F F F F F F F F F F F F F F F F F F F F F F F F F F F F F F F F F F F F F F F F F F F F F F F F F F F F F F F F F F F F F F F F F F F F F F F F F F F F F F F F F F F F F F F F F F F F F F F F F F F F F
  <DiscreteSampler_grid>
  grouped_processes
  1 # 1 for a reference and 2 for a running grid.
  10 # Attribute 'min_bin_probing_points' of the grid.
  1 # Attribute 'grid_mode' of the grid. 1=='default',2=='initialization'
  0.0000000000000000 # Attribute 'small_contrib_threshold' of the grid.
  0.5000000000000000 # Attribute 'damping_power' of the grid.
 # binID   n_entries weight   weight_sqr   abs_weight
    13   10   2.554737650621648E+001   2.241255395710280E+003   2.554737650621648E+001
    14   10   2.554737650621660E+001   2.241255395710311E+003   2.554737650621660E+001
    16   10   5.990690588781402E+000   1.169379869207561E+002   5.990690588781402E+000
    17   10   5.990690588781435E+000   1.169379869207578E+002   5.990690588781435E+000
    22   10   2.554737650621648E+001   2.241255395710280E+003   2.554737650621648E+001
    23   10   2.554737650621661E+001   2.241255395710311E+003   2.554737650621661E+001
    25   10   5.990690588781402E+000   1.169379869207561E+002   5.990690588781402E+000
    26   10   5.990690588781435E+000   1.169379869207578E+002   5.990690588781435E+000
  </DiscreteSampler_grid>
