 -0.00309004648407010  0.01532407792621080  0.02879381921563139  0.04100612931545217
  0.05327293901649315  0.06565202973275103  0.07789834030972977  0.09023648041829944
  0.10283855282079712  0.11537714288914501  0.12745306979934756  0.13922542907312099
  0.15057396678020252  0.16216733571000705  0.17399277408499961  0.18617115300452444
  0.19812496881065839  0.20961377963422664  0.22072100489691548  0.23196758253996067
  0.24322001889494552  0.25418361521997918  0.26488014074705918  0.27526003811015193
  0.28570815984830850  0.29595087413934867  0.30589832381645132  0.31532713940583762
  0.32469884917518327  0.33413355471863354  0.34516459170017294  0.35685674782531085
  0.36871176119924687  0.37983581265827193  0.39031777358453529  0.40113660647883131
  0.41250525349956840  0.42373891956536347  0.43450512408905084  0.44468361659924738
  0.45454935176831934  0.46456655252869328  0.47473269804511231  0.48547304613462550
  0.49679066179039694  0.50847247727589873  0.51981367987042226  0.53043607374978552
  0.54062660564758425  0.55054368678949150  0.55894645600387560  0.56759668501256000
  0.57636197445131632  0.58627752099521213  0.59714814234603641  0.60815745533843590
  0.61902835511729637  0.62974695432224981  0.64038028418533932  0.65127629637914575
  0.66219747589834177  0.67316503993790466  0.68398928252268609  0.69468161807632389
  0.70499252804502821  0.71499227873201943  0.72488168003272957  0.73524209939565244
  0.74596172214464185  0.75648402274900273  0.76687353470698749  0.77736898838665724
  0.78802315986152416  0.79838321483381236  0.80852642441153788  0.81890347129474006
  0.82933392936919703  0.83942067790997044  0.84847918636875785  0.85739633959197192
  0.86658094071846614  0.87650161672590476  0.88694955382920460  0.89763013950438242
  0.90828465410196646  0.91901146388822830  0.92891269711449831  0.93872946107043065
  0.94800267282477657  0.95724976444230025  0.96630051585999288  0.97525454190158734
  0.98379977176312261  0.98981764850514287  0.99507885797634155  1.00000000000000000
  0.00000272378148428  0.00000313506465523  0.00000343522990483  0.00000352463085797
  0.00000363431687728  0.00000375638526478  0.00000387919127135  0.00000400885437686
  0.00000414244997363  0.00000428953357965  0.00000444700427932  0.00000461212401849
  0.00000478424318057  0.00000494884391573  0.00000511452421766  0.00000528938308655
  0.00000546724471226  0.00000565447996519  0.00000585362385860  0.00000606264830371
  0.00000627208979116  0.00000648332703751  0.00000670800862218  0.00000695156984336
  0.00000721127499153  0.00000748069594878  0.00000775805634729  0.00000805623404496
  0.00000836804949085  0.00000868429448827  0.00000899318636993  0.00000933009982253
  0.00000968168044202  0.00001005030662617  0.00001043134471968  0.00001083936265519
  0.00001126580813653  0.00001170015835932  0.00001214356540784  0.00001263192155717
  0.00001319380038769  0.00001376465382672  0.00001435130812856  0.00001496069103474
  0.00001561529993099  0.00001627955526368  0.00001701979675853  0.00001779727008928
  0.00001859318165330  0.00001943031184384  0.00002036904989848  0.00002135375058087
  0.00002237315017296  0.00002348528200457  0.00002468101680036  0.00002595540086166
  0.00002734178141363  0.00002881629827086  0.00003029629673582  0.00003184453855704
  0.00003354895040646  0.00003541222608499  0.00003763865927454  0.00004005234034083
  0.00004258210983761  0.00004525920044095  0.00004817451620395  0.00005141339999890
  0.00005486107123058  0.00005876344527297  0.00006327670522141  0.00006845203527685
  0.00007384097652852  0.00007947870611858  0.00008619611073594  0.00009496499809792
  0.00010591294892664  0.00011758603686516  0.00013070305621135  0.00014552616984766
  0.00016142962736550  0.00018030355121968  0.00020347221081799  0.00023288619727632
  0.00026672407734611  0.00030669675052505  0.00035621293389505  0.00042417851060437
  0.00050914746588606  0.00061187930082222  0.00076333369191848  0.00104763796296906
  0.00155878770273733  0.00266606314147498  0.00652747232119973  1.00000000000000000
  0.00000254205491924  0.00000359413269298  0.00000411198229951  0.00000460591360986
  0.00000502432929379  0.00000549148290913  0.00000595475263032  0.00000641864404366
  0.00000688779242186  0.00000737136646280  0.00000785754281663  0.00000835553740191
  0.00000888977623837  0.00000945381877242  0.00001006848501709  0.00001070019810643
  0.00001136588077363  0.00001205230894001  0.00001277713210673  0.00001358401538367
  0.00001439058619516  0.00001526974487951  0.00001613024301627  0.00001703052413527
  0.00001803195452150  0.00001909781064575  0.00002026666232297  0.00002149712352830
  0.00002281310657822  0.00002424945502462  0.00002580060289569  0.00002746510244127
  0.00002924855634201  0.00003116308732973  0.00003327780719416  0.00003556304385336
  0.00003805665396266  0.00004070999356643  0.00004358877591519  0.00004664936649932
  0.00004992094470400  0.00005350446767940  0.00005756322136820  0.00006217668870903
  0.00006707071066738  0.00007221758457974  0.00007765818678675  0.00008353271756601
  0.00009013059944991  0.00009730646103700  0.00010529455122706  0.00011329775857439
  0.00012145437191802  0.00012985775479739  0.00013874610353527  0.00014850345970954
  0.00015888818053770  0.00017046271878031  0.00018254083044155  0.00019539522935026
  0.00020866473263552  0.00022193185820704  0.00023797560427655  0.00025476110145424
  0.00027450981186943  0.00029559772962853  0.00031982510070303  0.00034451212161533
  0.00036693752242227  0.00038757434860986  0.00040871460675806  0.00043183988945310
  0.00045830313320326  0.00048955016271516  0.00052307561013184  0.00056269532570783
  0.00061051111059534  0.00066502985083844  0.00072133807313762  0.00077686392341905
  0.00084172164321504  0.00090213583482216  0.00095749001657048  0.00101462719450067
  0.00107842091223077  0.00116443330415468  0.00127825148603564  0.00146306320981797
  0.00170359373614888  0.00188053404388983  0.00212479104444460  0.00244112754469363
  0.00314543114863809  0.00692900572985951  0.01630593110364083  1.00000000000000000
 -0.00196254537031261  0.00720377798747346  0.01610846951241090  0.02582846414215637
  0.03648396790420986  0.04727321584275808  0.05779598375566266  0.06830047688780282
  0.07882779591076705  0.08966383868789046  0.10049647522868080  0.11183652529670868
  0.12343696969707504  0.13456505292536822  0.14497241843111169  0.15576872967772562
  0.16740416843253131  0.17961946898071185  0.19177778107681359  0.20382474256035582
  0.21599427328248696  0.22830808927251992  0.24077021240582674  0.25323656705153258
  0.26577200209607321  0.27830812860679577  0.29077189782278595  0.30296691012113891
  0.31510508592699876  0.32755988115585338  0.34013889349188842  0.35291644770886527
  0.36540246576829855  0.37732625615746207  0.38865914214347413  0.39987443370180076
  0.41101951781687185  0.42227998088477436  0.43364700530307448  0.44503815391350793
  0.45696030213957389  0.46932054370155729  0.48198426313250653  0.49441600130915631
  0.50666349342383898  0.51852903814565454  0.53043217151742461  0.54242090677115229
  0.55451340495792512  0.56624135583578228  0.57795929759074127  0.59003004408607773
  0.60195268947775638  0.61366695594199061  0.62521972121898584  0.63674391081078774
  0.64826091596018354  0.65936268836990963  0.67031692190333914  0.68134195173055190
  0.69236689739867285  0.70311871070407372  0.71376639469797531  0.72405209947908422
  0.73444805954596748  0.74472572718236441  0.75506895136740704  0.76508146350727357
  0.77462467985575911  0.78337069867586140  0.79214825479708606  0.80057590085628194
  0.80980026426540841  0.81987090736804913  0.82908300472496910  0.83759986673377274
  0.84599406396638199  0.85450042680059934  0.86384741537605592  0.87309440318939169
  0.88200447004292426  0.89074453178599178  0.89947259338736052  0.90816512578029052
  0.91667903429215780  0.92483226666241836  0.93298380502654166  0.94053492042311559
  0.94782234680649846  0.95502563784072592  0.96265101238150308  0.97149659916565623
  0.97947093992802137  0.98682629532727950  0.99372259023972220  1.00000000000000000
 -0.00219436160536833  0.00865800361164974  0.01854059182803041  0.02883167700680780
  0.03927826167246956  0.04965523803354756  0.05997664317247632  0.06987749057104076
  0.07961925487762603  0.08966649732081801  0.10003563189107531  0.11078338655161428
  0.12160109520619512  0.13272284793066119  0.14309540410077382  0.15346525597702035
  0.16409398399061359  0.17509607626527268  0.18597769246426396  0.19611028016441451
  0.20666033348105980  0.21774410992228044  0.22934770443785393  0.24125780317539652
  0.25167300178645957  0.26189739962749725  0.27197975961669835  0.28284085118360519
  0.29377081448841252  0.30459268004968026  0.31546927728876728  0.32612774785038023
  0.33662491201152106  0.34695108705180228  0.35688474350700999  0.36657123029666111
  0.37624360727502459  0.38614218759998803  0.39621413821220386  0.40621436392184856
  0.41603774057131948  0.42612331723662611  0.43669168995112029  0.44760481905566724
  0.45849640524581675  0.46927195799039051  0.48002657816464556  0.49072419125407535
  0.50139904617403397  0.51223577726723202  0.52334286270409158  0.53438642301884676
  0.54508960875203039  0.55582013033207089  0.56705832185279581  0.57894217065356190
  0.59088531918718834  0.60223720088905197  0.61336350344284951  0.62412824350340113
  0.63474248142101830  0.64521391676633399  0.65573475368555467  0.66616837049448385
  0.67641649213172739  0.68634997886302773  0.69634071558458532  0.70636118726880648
  0.71645988941343175  0.72668162124323843  0.73717484842585201  0.74779193048542802
  0.75734147964450793  0.76633616045232433  0.77520363380620727  0.78452481618849801
  0.79463653072454821  0.80518914801650421  0.81611383960395822  0.82719986270294288
  0.83796119638203226  0.84850993240096728  0.85851561745025706  0.86851866579368309
  0.87868909974553444  0.88877306796353162  0.89878163458713722  0.90918466782608298
  0.92012909289494704  0.93190020290210429  0.94355231142199136  0.95546853218830863
  0.96688927326774721  0.97814145138003217  0.98920434701958926  1.00000000000000000
 -0.00259910171380131  0.01082329209984459  0.02137342755150100  0.03220768518708110
  0.04259008717493035  0.05314849227815335  0.06382952618753528  0.07514364889591230
  0.08635678855238992  0.09744158865046942  0.10867521505686993  0.12001825672849922
  0.13067142767202641  0.14117254197733201  0.15220438287454538  0.16420879336746888
  0.17579545362680052  0.18706323024265692  0.19817794184409082  0.20905173051046497
  0.21997065642834557  0.23081930689830440  0.24209878130166593  0.25309370151318306
  0.26393297130277826  0.27454237817789934  0.28500613981639700  0.29550884833219282
  0.30595158062688521  0.31639243573053316  0.32697866921919683  0.33750765032673602
  0.34780416190889185  0.35762101027022214  0.36727555884641827  0.37735976622293943
  0.38802368492622824  0.39870036150647625  0.40920982628174102  0.41957819824377596
  0.43011779739217276  0.44069830811405175  0.45158210246586711  0.46306750099421573
  0.47470581155932479  0.48574535470892077  0.49605700177645173  0.50615669294951016
  0.51627074432633813  0.52626903939304515  0.53600955502479497  0.54580078208951899
  0.55636765370461050  0.56734421329597362  0.57821947289756948  0.58885721313408101
  0.59949220943317783  0.61000853147627343  0.62058627522779364  0.63113723773741470
  0.64199339565504498  0.65336107130028198  0.66528789264310195  0.67564680359283202
  0.68576332479991131  0.69579434848025468  0.70656545530261083  0.71722683425829581
  0.72781756164258804  0.73752037729294728  0.74687912568036263  0.75588715539203311
  0.76583780256564582  0.77586278858103286  0.78628721028777648  0.79713882948081138
  0.80776435162608085  0.81849887554321510  0.82799609178276412  0.83813399971914437
  0.84854675646968170  0.85954720654706152  0.87064364767271940  0.88148507667636922
  0.89227835757662444  0.90200008609309568  0.91072759261902458  0.91926163745839884
  0.92806771751297135  0.93794383151121552  0.94841847791001233  0.95924879740807878
  0.97011330481788038  0.98032697511601685  0.99028958419323132  1.00000000000000000
 -0.00006340012121497  0.00002808793848169  0.00020580342001719  0.00041349282008635
  0.00054819304996878  0.00064734802919152  0.00072446570995321  0.00080486057432016
  0.00088364292309017  0.00096145732721633  0.00104081941965870  0.00112094212278390
  0.00120163375042516  0.00127932791464437  0.00135644807295778  0.00143257215264651
  0.00150375837535473  0.00157277625941632  0.00163927964017846  0.00170514096848272
  0.00176971778003211  0.00183841244596918  0.00191253484885124  0.00197824109339484
  0.00204472737294000  0.00211528980021229  0.00218862531969392  0.00226325495801350
  0.00233763357389790  0.00240806719718280  0.00247518001750771  0.00254632765247163
  0.00262147585483915  0.00270992111995541  0.00280321025787974  0.00289943897698273
  0.00299723371798969  0.00309102353842571  0.00320553501067222  0.00332550512526694
  0.00344202477689322  0.00354751737597132  0.00365293051186466  0.00375881899910764
  0.00388235478727022  0.00401166706988448  0.00414605787543943  0.00428335780046356
  0.00441056618610975  0.00454719232798262  0.00468535475120029  0.00480753656521318
  0.00494456655860661  0.00509027498297659  0.00524708498014834  0.00543096664782633
  0.00554358457281811  0.00565616320926830  0.00576721342164050  0.00587826363401271
  0.00595438824090383  0.00602873378764956  0.00620559301151160  0.00630057443120428
  0.00639522246914408  0.00649016989485614  0.00658971419865526  0.00672838398225828
  0.00710546400536287  0.00732738796647137  0.00760775456614501  0.00803395675096809
  0.00854532059933394  0.00924383988005446  0.00946251557290632  0.00964049426146398
  0.00977126210053325  0.00988108513370151  0.01003241156445239  0.01021194313787501
  0.01050344290453474  0.01087608838028476  0.01128744589809603  0.01179368671579027
  0.01214362914038600  0.01250837586508926  0.01295128615192664  0.01407941202402522
  0.01453178925847711  0.01648307009473502  0.02122507112989473  0.02187798012080876
  0.02289647616658794  0.02791483261193349  0.02870793098457887  1.00000000000000000
 -0.00197272480515274  0.01094408077652415  0.02251632226735982  0.03480218349938508
  0.04685740425609039  0.05887176773185237  0.07068750020204603  0.08294070837450973
  0.09557160024707630  0.10800262193258597  0.12005439881293789  0.13216604110924199
  0.14435868714408265  0.15638578894408586  0.16798196938072318  0.17977880110334163
  0.19141206120018880  0.20307422120001006  0.21506323395473415  0.22665306848173669
  0.23753040015955409  0.24783199001744868  0.25867876651120836  0.26992835059885645
  0.28130584668892661  0.29260681921507553  0.30374163587851477  0.31469762774364157
  0.32526627540786524  0.33577639263932657  0.34614449440189993  0.35628637503370830
  0.36591157321760520  0.37514319226519466  0.38448534870932449  0.39362692968524771
  0.40217700235668630  0.41048022827376296  0.41867636777627981  0.42717669881639347
  0.43581064510317485  0.44461755769209560  0.45331608869435575  0.46151550527366181
  0.46912261891525991  0.47648356633501499  0.48409557334832787  0.49204542961602360
  0.50023490038551444  0.50871046372199791  0.51726183406216586  0.52618380551944288
  0.53494247725973920  0.54353799054560192  0.55125100523464121  0.55920762549487768
  0.56699304029941167  0.57466721968904300  0.58238279194235754  0.59031444890088869
  0.59861774756036457  0.60711272771432201  0.61595702470248470  0.62489880042666879
  0.63398846524767116  0.64333149395987921  0.65310634623087127  0.66372036467751305
  0.67457974305415114  0.68566682003825086  0.69645708693524511  0.70751161909770655
  0.71901574611450236  0.73110100443687376  0.74328952962065986  0.75514524751925360
  0.76682622568773440  0.77897383571730117  0.79162387955391811  0.80434090894870847
  0.81665934612811919  0.82883661051435675  0.84120232269976059  0.85375737581704925
  0.86628993769218054  0.87852399927484592  0.89001305544471443  0.90135417636141046
  0.91299696623711546  0.92510431294945517  0.93699653294148666  0.94884207497305795
  0.96157319332191071  0.97447168543987406  0.98758651385680751  1.00000000000000000
  0.54169695954686392  0.70551261966475254  0.71011206667371463  0.71481136416991964
  0.71944218536244320  0.72341019243826210  0.72700101685440854  0.73004633848688749
  0.73293717356264243  0.73589328127338482  0.73889964280810227  0.74200576490374082
  0.74527475297477108  0.74867134511574607  0.75184612543169771  0.75497216936417988
  0.75813977821737277  0.76127004604001436  0.76429185430364255  0.76720578697139330
  0.77002109645871830  0.77279372231036403  0.77554595095052925  0.77831062146372287
  0.78102019407429302  0.78371063011118913  0.78646140927916608  0.78934875678137506
  0.79232720823433889  0.79534919757724720  0.79830963326646609  0.80128819738184520
  0.80437306106300666  0.80750553532695879  0.81059208379013725  0.81368473609111336
  0.81682142558095050  0.81991670435660369  0.82292338247835617  0.82590585553694307
  0.82886928032891860  0.83185092843413588  0.83490906898503792  0.83799488920208820
  0.84108964511532780  0.84424975025616344  0.84750595449632871  0.85084272569328978
  0.85419490676955423  0.85731277027157526  0.86028977908299475  0.86326415888206076
  0.86624704523640295  0.86932858954423375  0.87241281270227278  0.87545702323069330
  0.87844539589939763  0.88139446437668534  0.88441022638900546  0.88741550514767653
  0.89048352276455556  0.89355886955534913  0.89665398459247569  0.89978146776744539
  0.90294308292167680  0.90602258546880543  0.90908025969142414  0.91211493734550186
  0.91517984917188955  0.91829966287324094  0.92133753906430027  0.92438731579364009
  0.92734877400602789  0.93029547318167094  0.93312081027487737  0.93597858656633948
  0.93869119319504124  0.94144233804559507  0.94415426415419257  0.94679944669286387
  0.94954124673158091  0.95229593138811985  0.95503612272195959  0.95793898729646287
  0.96096401688634281  0.96409867942950345  0.96722059440749342  0.97033970666197378
  0.97345150493977362  0.97663938115680182  0.97993524154178768  0.98331081390455111
  0.98681024088827218  0.99046908077799389  0.99490897911778209  1.00000000000000000
  0.01923717055342533  0.13612874454016835  0.17062052849203527  0.19493738793781565
  0.22069062722608751  0.23982738663393993  0.25424711979003184  0.26619052214486227
  0.27847514866511153  0.29115960106218819  0.30375610611216580  0.31597665650954770
  0.32782334646401118  0.33901356162331242  0.34984797261841827  0.36004408517400321
  0.36989328374500891  0.37990307551735103  0.38995747181092094  0.39967042932367841
  0.40892858279109628  0.41811506225689771  0.42728937979233905  0.43632197934405548
  0.44484354503116785  0.45300915933296676  0.46115937080205066  0.46927865438758426
  0.47753852669567554  0.48537606386741222  0.49292342980968040  0.50031287309898298
  0.50730675154861671  0.51426513777505711  0.52122620601518410  0.52805551095324543
  0.53507236003699199  0.54201015311041134  0.54924321994999770  0.55549402157979488
  0.56155685329595872  0.56742947736444926  0.57328098616048262  0.57954414303283541
  0.58529427754630337  0.59092926559393477  0.59674748210844375  0.60266252447408419
  0.60863447125476244  0.61450863251073184  0.62011345587055944  0.62571631008044626
  0.63138002894354694  0.63703244463633246  0.64261247443344371  0.64812170956461146
  0.65360766140308568  0.65901513468006667  0.66454150368507181  0.67020317494600490
  0.67590334448673406  0.68166771040934904  0.68753771487449677  0.69284661828650285
  0.69830934308660719  0.70371358021635677  0.70913887333198633  0.71446807311195892
  0.71994049282348183  0.72527026092403390  0.73086947477323683  0.73654613784314660
  0.74208692418765199  0.74754704892927815  0.75298435287181364  0.75851777152002120
  0.76417128071572027  0.76965309376341884  0.77535931195960373  0.78112365120908900
  0.78714400809371454  0.79360564459177163  0.80022304918873999  0.80675992054590739
  0.81347383408174745  0.82053813668783526  0.82784404320081395  0.83526310447634600
  0.84298455194719779  0.85133629998133253  0.86074776829059974  0.87122171805849391
  0.88419487421116649  0.90124006385797839  0.93107969264240276  1.00000000000000000
   5.2970902253665812E-005  -1.0000000000000000     
 F F F F F F F F F F F F F F F F F F F F F F F F F F F F F F F F F F F F F F F F F F F F F F F F F F F F F F F F F F F F F F F F F F F F F F F F F F F F F F F F F F F F F F F F F F F F F F F F F F F F F F F F F F F F F F F F F F F F F F F F F F F F F F F F
  <DiscreteSampler_grid>
  grouped_processes
  1 # 1 for a reference and 2 for a running grid.
  10 # Attribute 'min_bin_probing_points' of the grid.
  1 # Attribute 'grid_mode' of the grid. 1=='default',2=='initialization'
  0.0000000000000000 # Attribute 'small_contrib_threshold' of the grid.
  0.5000000000000000 # Attribute 'damping_power' of the grid.
 # binID   n_entries weight   weight_sqr   abs_weight
    13   10   1.847179238063676E+002   6.411837585438702E+004   1.847179238063676E+002
    14   10   1.847179238063675E+002   6.411837585438695E+004   1.847179238063675E+002
    16   10   2.377332450613311E+002   1.103387437903689E+005   2.377332450613311E+002
    17   10   2.377332450613310E+002   1.103387437903688E+005   2.377332450613310E+002
    22   10   1.847179238063676E+002   6.411837585438702E+004   1.847179238063676E+002
    23   10   1.847179238063675E+002   6.411837585438697E+004   1.847179238063675E+002
    25   10   2.377332450613311E+002   1.103387437903689E+005   2.377332450613311E+002
    26   10   2.377332450613309E+002   1.103387437903688E+005   2.377332450613309E+002
  </DiscreteSampler_grid>
