 -0.00263611215624786  0.01051267808487010  0.02162236522881717  0.03214974853205543
  0.04260227816642518  0.05311621038932928  0.06360979803587402  0.07396048719016146
  0.08419832435992732  0.09487140402450786  0.10552827057430079  0.11615382870860687
  0.12630001403107211  0.13638079249452151  0.14665150735315477  0.15677728648719283
  0.16689909745735781  0.17721485117324209  0.18825653768305070  0.19947944158033160
  0.21054670479245696  0.22137174521372280  0.23233347876031130  0.24309339828199283
  0.25348855307748680  0.26373839083546935  0.27400591964559678  0.28441353374524170
  0.29505146492673689  0.30577194212712405  0.31617953353265615  0.32645748336854763
  0.33703115021924551  0.34783587325778176  0.35872417069447970  0.36914601839470501
  0.37941023736058410  0.38926927657630389  0.39927730398162731  0.40933802850199941
  0.41977716129106135  0.43058476066364398  0.44159194969026255  0.45238737033864662
  0.46257242147030192  0.47260048432967788  0.48291683513510469  0.49372413987590175
  0.50460035653557644  0.51550165487957234  0.52601859721809718  0.53641019087745456
  0.54668113978646271  0.55697251422820027  0.56691363765907465  0.57676951897068274
  0.58690867179972050  0.59761522473772222  0.60863336724626838  0.61909037292046276
  0.62905813571868441  0.63876643207772921  0.64885213160503186  0.65906657817552616
  0.66925909262365002  0.67955859171706834  0.69003994868434881  0.69998266344633808
  0.70984324176988134  0.71929276724524438  0.72903140016571932  0.73900967677790619
  0.74913250826202971  0.76070840789703620  0.77175741272795828  0.78289704861940190
  0.79402325439151433  0.80593000372470569  0.81776125854585668  0.82904311997819469
  0.84019006084915859  0.85127049491991091  0.86223137206396039  0.87295466956021994
  0.88333721470230298  0.89377855787911953  0.90428277604899698  0.91492446879879952
  0.92528183849915580  0.93545467234396618  0.94559880682396591  0.95608797101428356
  0.96705803046092254  0.97819577796630430  0.98926995063480194  1.00000000000000000
  0.00000447193986518  0.00003022000332027  0.00003748163462569  0.00004244668299652
  0.00004740515503496  0.00005244905363197  0.00005820290221474  0.00006557457721590
  0.00007236337960824  0.00007871998951208  0.00008475286813618  0.00009047784400520
  0.00009597935853933  0.00010136919698952  0.00010672261187152  0.00011233513949918
  0.00011792374829444  0.00012342479749670  0.00012899771552119  0.00013468196600237
  0.00014032966113192  0.00014593542840216  0.00015159400922737  0.00015745474296636
  0.00016387073544778  0.00017020317478784  0.00017661162248338  0.00018320210234339
  0.00019007054690503  0.00019754441616019  0.00020499894570005  0.00021241563172592
  0.00021989846621350  0.00022797035048125  0.00023675776903505  0.00024595086716576
  0.00025526626891534  0.00026451753869965  0.00027407717053879  0.00028443362812852
  0.00029522640529991  0.00030639154234344  0.00031792846700924  0.00032993362069085
  0.00034257303735206  0.00035572410597012  0.00036927254913472  0.00038354004491725
  0.00039773341339206  0.00041350554572611  0.00042940287262979  0.00044524335671902
  0.00046130794557135  0.00047742327319726  0.00049531968510346  0.00051451689155883
  0.00053427441031091  0.00055423087633443  0.00057510390383468  0.00059828888557746
  0.00062333292637111  0.00065143422970322  0.00067898729667901  0.00071004526669679
  0.00074437247733841  0.00078051456632911  0.00081709405852787  0.00085798584831386
  0.00090446480131776  0.00095338768323057  0.00100188189501668  0.00105066532689444
  0.00110498698214883  0.00116367606141547  0.00123024157451587  0.00131108650979512
  0.00140984418831654  0.00151145580211390  0.00161143078797593  0.00171192357740463
  0.00181151531846901  0.00192117386414163  0.00205671043953745  0.00219126473194554
  0.00235612621998182  0.00253811030878372  0.00277080133394348  0.00304742063246849
  0.00340819729747429  0.00379268397562605  0.00430064427567800  0.00473332400366857
  0.00583374600410156  0.01632800316631047  0.03047000061265507  1.00000000000000000
 -0.00280641070432754  0.01185764149134427  0.02356107539210746  0.03489524774514010
  0.04573822689083384  0.05639741564256537  0.06701243043125127  0.07745662351911189
  0.08778436646715593  0.09842678010886509  0.10945740310532763  0.12013905560868743
  0.13076780860200590  0.14094927506842334  0.15120074313901449  0.16131841066596728
  0.17181628358526904  0.18231656675364596  0.19300835313857148  0.20361671857375294
  0.21407925395681254  0.22432617497614632  0.23428907817419448  0.24431172631762538
  0.25400430834875426  0.26372942816960288  0.27339088490147856  0.28309038709146805
  0.29289771741390341  0.30284960766021307  0.31317891747612797  0.32364300533000534
  0.33398033200175026  0.34409739254528438  0.35426498804793749  0.36430970157621745
  0.37441975852037396  0.38455561785963793  0.39486171952753218  0.40514603127848431
  0.41516066832563647  0.42534366692052222  0.43557636521584830  0.44588070128249513
  0.45631825006985410  0.46667305547535137  0.47687978283884014  0.48686027691006406
  0.49714660758418211  0.50756465671535356  0.51776483818887065  0.52752991541763450
  0.53727079779165587  0.54731422786296169  0.55744793070347687  0.56785636079863377
  0.57832284491181818  0.58888196246994140  0.59934425636147326  0.60989660259446865
  0.62052732380871267  0.63110390171225694  0.64170037272464386  0.65242821420877073
  0.66345530558157817  0.67452541822822576  0.68562367511490585  0.69669669682026458
  0.70758071079394136  0.71804891016167294  0.72830921035351948  0.73871566385675735
  0.74944867437573959  0.76049810705151888  0.77186715848026988  0.78333785395489486
  0.79437047655210025  0.80505493690189101  0.81553730751283848  0.82629774029218828
  0.83716843655628315  0.84792748147555874  0.85827381864107866  0.86843072198230242
  0.87856088324727399  0.88901527365601074  0.89960799738278474  0.91046439247617639
  0.92139966656347538  0.93237069404902662  0.94337015022082626  0.95442603569467976
  0.96570871249202217  0.97710185999170918  0.98867288801434161  1.00000000000000000
 -0.00197200214381416  0.00991510922475740  0.02066582871839475  0.03149342742259044
  0.04219715306992686  0.05251038841569129  0.06298740487616088  0.07345021960787212
  0.08371911878159512  0.09397566271342532  0.10449416721291122  0.11531074347967388
  0.12629858323375495  0.13727391873851438  0.14837489094457101  0.15955030566481324
  0.17059519835033565  0.18116015012148681  0.19110972592708916  0.20060458846694676
  0.21052042260320047  0.22080842330114969  0.23164192829971070  0.24276860569970446
  0.25393386361385012  0.26510199714320737  0.27561442791480650  0.28579410442299391
  0.29605924254387872  0.30628329111224040  0.31676290188521644  0.32692969875518635
  0.33766720261274896  0.34815939225481984  0.35859432121447510  0.36874332022213430
  0.37906971216990143  0.38950668181555154  0.40016363547175066  0.41095789213876105
  0.42205073025003381  0.43281889866123346  0.44319724749449790  0.45363767829995644
  0.46418580839801776  0.47503546927259788  0.48586549413274721  0.49701496575783749
  0.50814440177026265  0.51927554156680777  0.53013040770093522  0.54078190114365132
  0.55125330944951245  0.56152365463794285  0.57193481181703820  0.58210082573259492
  0.59204248046954600  0.60223704583265736  0.61296382614384926  0.62354837925948847
  0.63372873296748344  0.64376441503661264  0.65417684361368988  0.66468130724528429
  0.67507620861300843  0.68535504858271878  0.69581370657607899  0.70637230268801732
  0.71792371696877288  0.72912732679460568  0.74022940452023789  0.75123142430921086
  0.76252542320948369  0.77336486049534614  0.78338317347500708  0.79345278769119720
  0.80357913640862677  0.81394367737091300  0.82422454506692688  0.83474840163747821
  0.84499659719661391  0.85508876687715774  0.86545312172464639  0.87641423781262751
  0.88815133065125551  0.89958429439610510  0.91056736199294386  0.92062872912689753
  0.93040704898317406  0.94005886552204254  0.95009565554536002  0.95998255260478105
  0.96983128679892716  0.97962160928300046  0.98976448477239598  1.00000000000000000
 -0.00214623437775814  0.01091919849198103  0.02029628097801758  0.02990711218452467
  0.03970994046157583  0.04987530037457569  0.05990356941904149  0.06963527697531451
  0.07904368587529376  0.08834028698112591  0.09810969472438617  0.10810567112000831
  0.11810805067189091  0.12795532906276677  0.13812782739747145  0.14841036827205417
  0.15870273249981626  0.16896646812765115  0.17937771125162585  0.18967126760148750
  0.19977442797471442  0.21001730971963711  0.22078705730877660  0.23171609424424419
  0.24230248166618804  0.25272444930401233  0.26339993690041874  0.27467727277488047
  0.28595026960450426  0.29690549825025303  0.30787008768938517  0.31908220473712307
  0.33040050325295789  0.34109184379265756  0.35172441616067662  0.36221810490468170
  0.37293411119614772  0.38366648787595958  0.39447924514296517  0.40522224193654349
  0.41611379539538218  0.42697346891978027  0.43796885909560118  0.44912828427842288
  0.46050767375163271  0.47188660529528559  0.48293201780290806  0.49431347898841149
  0.50574001179251149  0.51724577285016804  0.52862156516478243  0.53969261359407195
  0.55040733707980016  0.56125262709248891  0.57202956577188147  0.58300396393267206
  0.59417210990471636  0.60546602603559263  0.61739924768626064  0.62928391022088992
  0.64154303703286919  0.65332592830625325  0.66476241890583798  0.67587814458000550
  0.68656170720938536  0.69729665498082638  0.70831523614879099  0.71998542337893778
  0.73172906668655924  0.74252950851676058  0.75324989576265977  0.76359819579790555
  0.77426322573543505  0.78469111406260850  0.79537598137649934  0.80575022372634464
  0.81552314828719152  0.82493808718055894  0.83424125310454422  0.84403430000955404
  0.85413257716127156  0.86446555141073911  0.87484682534974689  0.88533410730854289
  0.89566602520567584  0.90531429212743031  0.91458071330501811  0.92395288897584937
  0.93348563458025313  0.94316026886865001  0.95289502258576364  0.96259572277431393
  0.97232698890884006  0.98178097374169671  0.99082772503604777  1.00000000000000000
 -0.00216994322956330  0.00899797351157268  0.01872223827332504  0.02902145253073515
  0.03973834864253911  0.04985780185702838  0.06001380940218908  0.07021253350260084
  0.08046015431392467  0.09062539815341249  0.10076287759988542  0.11104985517965442
  0.12127196067864877  0.13162846297417446  0.14217466170634610  0.15288214740493106
  0.16349218301602453  0.17394639378716942  0.18444296440475316  0.19514200434475731
  0.20585494910510255  0.21612816284300534  0.22625164749993609  0.23643301368710920
  0.24697021735961125  0.25776250554483143  0.26846196323401467  0.27913701661679874
  0.28969575906395417  0.30077948372991020  0.31173667139100475  0.32266624695706175
  0.33365494890666114  0.34465457866218124  0.35501818780046701  0.36476956747830042
  0.37449390148481337  0.38474663880918775  0.39523507557654519  0.40590733544266722
  0.41676805801905964  0.42791997243474728  0.43890581526215683  0.44953796713134997
  0.46008000693102125  0.47079600712976505  0.48185688217386274  0.49275368022760213
  0.50355963948955218  0.51396618264557925  0.52413699657226409  0.53423915226149310
  0.54433809138387312  0.55457303596791607  0.56487842258209831  0.57537681297718513
  0.58607457009606923  0.59674108439729667  0.60743087460035294  0.61803277901106590
  0.62841662901697848  0.63875446289322002  0.64916353591567810  0.65939165873368866
  0.66947875312296823  0.67952673246717077  0.68973388298614580  0.70021879856982783
  0.71082232370034359  0.72177651347309169  0.73282284273380882  0.74390580201940448
  0.75448614297861005  0.76488471952749082  0.77513558093549784  0.78583070242729158
  0.79690223478344879  0.80807026177509966  0.81889507875937395  0.82955062501446175
  0.83992191699275787  0.85038717381497775  0.86065385056744093  0.87102935229978751
  0.88134580954982933  0.89169193952222303  0.90242962295820006  0.91303073092672815
  0.92362939108841624  0.93415925316113746  0.94500006615815157  0.95598301964064836
  0.96709491425215510  0.97810384632497083  0.98915729786634232  1.00000000000000000
  0.00038113574388562  0.01581778904515613  0.03073738128986377  0.04534386567953577
  0.05921880594592355  0.07250192892283518  0.08508374993706234  0.09771479768469105
  0.11040285768827912  0.12344297635366624  0.13675886738751292  0.14965737747186358
  0.16182140769765799  0.17361727031452098  0.18536893244014355  0.19692655141997842
  0.20847109106218889  0.21989274959562538  0.23097393646954936  0.24183612815090760
  0.25289638820648169  0.26396552609002150  0.27499470076473725  0.28575023686346984
  0.29710759312216029  0.30823606528939429  0.31905031495575559  0.32928222224303277
  0.33948922554899225  0.34939249032293196  0.35915541413214480  0.36898607761576302
  0.37920349059931041  0.38985017198785543  0.40047760453905501  0.41097445688950263
  0.42097958682268777  0.43060877391577029  0.43998125708974511  0.44934239499904849
  0.45885063165304568  0.46874698728333836  0.47863708935074223  0.48861075820931987
  0.49788911241137318  0.50700392875983558  0.51604200261695965  0.52555141496902624
  0.53539424123884338  0.54479471763334641  0.55390147911673115  0.56262108021664770
  0.57126417026289911  0.58010333615429488  0.58887755966410404  0.59767683299276309
  0.60633970644469315  0.61501980177615223  0.62380606367475955  0.63260432200867145
  0.64135744858759713  0.65011200830362670  0.65894643381688189  0.66777439006104256
  0.67646511291194455  0.68516248500806465  0.69410425878706061  0.70317979248444806
  0.71222900397265165  0.72129674038085123  0.73028191709149726  0.73932440664238008
  0.74828027775225137  0.75730160370873001  0.76663202528937846  0.77601323938400180
  0.78545305979353541  0.79440721154611338  0.80320854255684859  0.81218047657765413
  0.82140629591992509  0.83111784763894414  0.84103984193520687  0.85126064278360669
  0.86164168319492995  0.87228390801318367  0.88319131520170813  0.89430090418144614
  0.90558254853618081  0.91695244166244905  0.92856086955383366  0.94034905893138054
  0.95219203950501319  0.96531652209051599  0.98060189228909156  1.00000000000000000
 -0.00230125182993199  0.01043592600670849  0.02087985083809056  0.03208765615116500
  0.04307358075107961  0.05407429825662668  0.06506737621456023  0.07568055951531837
  0.08640579454283596  0.09699711888941581  0.10798902503265156  0.11891933943628336
  0.12960231084139570  0.14056633261855750  0.15187508738995542  0.16324456019359737
  0.17450462189704294  0.18516211709374678  0.19588737130557093  0.20625684751284190
  0.21674742150036408  0.22680615193012435  0.23671791870369682  0.24663000382647687
  0.25660918323186432  0.26673970585226081  0.27698909351437978  0.28747032686577373
  0.29779465913727149  0.30801558398966633  0.31799576973574240  0.32817672456011615
  0.33860223696926522  0.34973423650959345  0.36069689652523079  0.37167609818188296
  0.38245871948946436  0.39333518045977617  0.40397205381717233  0.41447144965228000
  0.42542807466668958  0.43640585319129088  0.44756887522198413  0.45840201990023399
  0.46881155657804507  0.47856850605208856  0.48836125117525214  0.49793264326263115
  0.50793496771582392  0.51735456709809780  0.52746710248539552  0.53783405788352823
  0.54836118868468964  0.55837643064602738  0.56828632223966813  0.57843869485314048
  0.58883770773753452  0.59959203437818975  0.61067137339444177  0.62188190831626888
  0.63248725923303351  0.64290644512912032  0.65359896273594631  0.66475829393992214
  0.67588563482221886  0.68655547400600114  0.69690565312890795  0.70734890172970299
  0.71825627334996123  0.72907436587963736  0.73927321613490404  0.74912242935111850
  0.75923697850034733  0.76982828181489904  0.78054571591450239  0.79088157317638030
  0.80095096278091160  0.81110585058436191  0.82153935565296976  0.83224782607032011
  0.84256769781118546  0.85293731114803206  0.86327822241437413  0.87431377885733097
  0.88518979006247078  0.89594507290006287  0.90615020699490678  0.91650501865003886
  0.92690575209759207  0.93759446530744761  0.94757992852925832  0.95768650906522734
  0.96782020861041285  0.97867044644836776  0.98930410843280836  1.00000000000000000
  0.09517064531299622  0.61932409565112667  0.62455047666324504  0.65250931281930613
  0.68498501600111561  0.70452074686915844  0.70979815629857590  0.71469712807922592
  0.71965704050757462  0.72398067794783350  0.72821935171399177  0.73244970292033751
  0.73657026991002306  0.74076334512309572  0.74474154183628738  0.74878222693452612
  0.75268907732529555  0.75659943928215589  0.76051954712373737  0.76441939840156181
  0.76834440487198230  0.77208420019973290  0.77582231378852551  0.77946529264209252
  0.78308362829133926  0.78663424444926389  0.79010097336294427  0.79346731398266424
  0.79683212330940867  0.80016347121822218  0.80352278280274791  0.80685318659663063
  0.81013085228111625  0.81330125305944378  0.81639016616699478  0.81943886409030231
  0.82247697374358097  0.82555715283270381  0.82869765979018650  0.83185599389848830
  0.83502989668804672  0.83818182306277400  0.84130522391642160  0.84442427135545184
  0.84754067894985985  0.85063802476071815  0.85372185272909451  0.85674179084042146
  0.85968249344254311  0.86259925768292134  0.86551174089662186  0.86844358850977010
  0.87142169138704684  0.87435685006313413  0.87720080859930405  0.87999526390997107
  0.88274771208871261  0.88544823557145969  0.88815673017762697  0.89090549324525459
  0.89374669823269826  0.89658558440587921  0.89933270726144188  0.90206777784041481
  0.90476932734809512  0.90745729960860144  0.91010396962329920  0.91269828914735662
  0.91524775932620150  0.91776940561507814  0.92029046084761335  0.92284705564505642
  0.92545798070569329  0.92809846341754287  0.93074262859792789  0.93334175460679991
  0.93594690660418756  0.93860310175574824  0.94133506359467467  0.94402780651897666
  0.94671229170115778  0.94941190458860658  0.95212521511807280  0.95487476308683228
  0.95775576853862499  0.96082898607386669  0.96398901047788499  0.96715235621518825
  0.97034064947258769  0.97354312072809046  0.97692782157793578  0.98056484842775493
  0.98464655621344754  0.98911509243503437  0.99413075725724886  1.00000000000000000
 -0.01093246341921798  0.08520195617628587  0.10514957823041611  0.11976157473334639
  0.13057833020733606  0.13973660869633903  0.14829957501879340  0.15644528145808920
  0.16424255487237507  0.17173033034103816  0.17882140567875615  0.18568340398633221
  0.19241385268563516  0.19921730354484546  0.20595651476021273  0.21250078593394181
  0.21887002711409093  0.22514639022442223  0.23146599415288124  0.23773202431098636
  0.24372054387186506  0.24927920771329917  0.25456418336486891  0.25972468171507623
  0.26493918830627233  0.27036477798269787  0.27587656967700963  0.28134071243081354
  0.28684331194703905  0.29232720015233021  0.29788790952686811  0.30354888981907380
  0.30924548632415721  0.31494232543950751  0.32051557966422162  0.32592918162832729
  0.33133366875272591  0.33683845775450300  0.34253212655206305  0.34828309464608148
  0.35393108281588892  0.35951922062012903  0.36511267051267687  0.37093965022844871
  0.37702213537007423  0.38318966804319221  0.38930281361925267  0.39528489848129983
  0.40124742749027342  0.40732977668327874  0.41347540320041748  0.41966404089447290
  0.42592290769314556  0.43205418769770015  0.43827559456160559  0.44448721264404900
  0.45095485465370122  0.45746263164305262  0.46389370625413517  0.47030750668562399
  0.47674237234021238  0.48340060176123140  0.49029860064448233  0.49736121036996145
  0.50445977213960169  0.51152402798563079  0.51855824360988723  0.52560560771423703
  0.53270591307979875  0.53988751098741905  0.54732789355142986  0.55500114982662130
  0.56283165493079246  0.57076330808761833  0.57877082265294988  0.58695472952497751
  0.59559010390849731  0.60479667800785342  0.61451159790722099  0.62447125316475871
  0.63437178240831293  0.64446872357709095  0.65496966315043603  0.66600022091701916
  0.67755902348864994  0.68978419892335918  0.70253683342230300  0.71589710512928795
  0.72980655784380311  0.74522873249871080  0.76198497133944998  0.78078907660704688
  0.80171456578756539  0.82783282541181635  0.86364280623452716  1.00000000000000000
   7.9583361745343675E-006  -1.0000000000000000     
 F F F F F F F F F F F F F F F F F F F F F F F F F F F F F F F F F F F F F F F F F F F F F F F F F F F F F F F F F F F F F F F F F F F F F F F F F F F F F F F F F F F F F F F F F F F F F F F F F F F F F F F F F F F F F F F F F F F F F F F F F F F F F F F F F F F F F F F F F F F F F F F F F F F F F F F F F F F F F F F F F F F F F F F F F F F F F F F F F F F F F F F F F F F F F F F F F F F F F F F F F F F F F F F F F F F F F F F F F F F F F F F F F F F F F F F F F F F F F F F F F F F F F F F F F F F F F F F F
  <DiscreteSampler_grid>
  grouped_processes
  1 # 1 for a reference and 2 for a running grid.
  10 # Attribute 'min_bin_probing_points' of the grid.
  1 # Attribute 'grid_mode' of the grid. 1=='default',2=='initialization'
  0.0000000000000000 # Attribute 'small_contrib_threshold' of the grid.
  0.5000000000000000 # Attribute 'damping_power' of the grid.
 # binID   n_entries weight   weight_sqr   abs_weight
    19   10   3.594454435813404E+000   5.606251481776390E+001   3.594454435813404E+000
    20   10   3.594454435813387E+000   5.606251481776322E+001   3.594454435813387E+000
    22   10   4.566136299614440E+000   9.148961006425611E+001   4.566136299614440E+000
    23   10   4.566136299614419E+000   9.148961006425500E+001   4.566136299614419E+000
    25   10   3.844048308633637E+000   6.173813081385457E+001   3.844048308633637E+000
    26   10   3.844048308633623E+000   6.173813081385391E+001   3.844048308633623E+000
    28   10   4.975351053098030E+000   1.027169945732479E+002   4.975351053098030E+000
    29   10   4.975351053098011E+000   1.027169945732469E+002   4.975351053098011E+000
  </DiscreteSampler_grid>
