  0.00000010564239852  0.00000011382071576  0.00000013528236059  0.00000015853180952
  0.00000018280638883  0.00000020932264286  0.00000024090059476  0.00000028091931446
  0.00000033201208631  0.00000038942564330  0.00000045500246311  0.00000052702894719
  0.00000060645506964  0.00000070013211269  0.00000081101852560  0.00000094370675412
  0.00000109981516468  0.00000127364052063  0.00000146894976730  0.00000169486976194
  0.00000195544704659  0.00000225296212056  0.00000257511285290  0.00000291856369068
  0.00000330167396591  0.00000373744098177  0.00000423539068265  0.00000479676129949
  0.00000542025091093  0.00000611041930697  0.00000686665167040  0.00000769830677704
  0.00000864724518191  0.00000968471592966  0.00001078827030754  0.00001194839776361
  0.00001319427285947  0.00001455734315423  0.00001602407014024  0.00001767940249913
  0.00001941968502436  0.00002136845059781  0.00002345980121751  0.00002577075829203
  0.00002821599334896  0.00003074855563978  0.00003351696337032  0.00003654791709101
  0.00003985107066487  0.00004339092903767  0.00004701294495216  0.00005096285818583
  0.00005540134639711  0.00006032684550995  0.00006586708989369  0.00007188459414019
  0.00007854316953616  0.00008596569621280  0.00009408624560065  0.00010298284970991
  0.00011195453709179  0.00012080285410683  0.00012993834406681  0.00013845510045683
  0.00014859185313909  0.00016055993623682  0.00017222398606754  0.00018286690195804
  0.00019464965752346  0.00020756990202716  0.00022220909612862  0.00023887536896029
  0.00025708913160245  0.00027645067254854  0.00029657061671162  0.00031784328727603
  0.00033957587211659  0.00036460189791149  0.00039638871708064  0.00043265494665524
  0.00046894434921941  0.00050697429287643  0.00055296500838405  0.00060375248647582
  0.00065248714557278  0.00067938156920295  0.00070627599283311  0.00091096332112266
  0.00127144389439778  0.00163062914485957  0.00186814079319912  0.00210565244153867
  0.00305292166194622  0.00396145203688154  0.13990714044199362  1.00000000000000000
  0.00000244764806237  0.00000260053026715  0.00000283644140484  0.00000309578556719
  0.00000336410473248  0.00000364932061611  0.00000396034841560  0.00000429275496685
  0.00000466534154734  0.00000505123728956  0.00000548551539003  0.00000592191818553
  0.00000640397820942  0.00000690061941734  0.00000745121663838  0.00000801724662764
  0.00000863583889963  0.00000928454169968  0.00000999367174832  0.00001072723563573
  0.00001150627665670  0.00001230640157662  0.00001315740020247  0.00001404464762956
  0.00001497271878625  0.00001597516617383  0.00001704914413642  0.00001828745043320
  0.00001954936907714  0.00002090402885446  0.00002227746674882  0.00002375756597584
  0.00002530159248402  0.00002698939668481  0.00002879858320595  0.00003073240577936
  0.00003275697849711  0.00003489587501519  0.00003718995053657  0.00003959555421695
  0.00004193673909953  0.00004441097044738  0.00004695611310141  0.00004977046978506
  0.00005278935689833  0.00005606763334494  0.00005996535474821  0.00006421479608403
  0.00006877295926502  0.00007314152253340  0.00007756327722871  0.00008207338000874
  0.00008661448065366  0.00009128523999295  0.00009588075309205  0.00010025041459613
  0.00010519019423935  0.00011050359313980  0.00011621854606344  0.00012219769126646
  0.00012789150523332  0.00013365248992261  0.00014005064053982  0.00014776180764858
  0.00015578898610160  0.00016412662864523  0.00017345901568218  0.00018224129393563
  0.00019244447249083  0.00020345972441186  0.00021465027441277  0.00022717977697455
  0.00023961778278474  0.00025430868608278  0.00026911506321454  0.00028588678934060
  0.00029924580100352  0.00031324095468297  0.00032762488656433  0.00034227840544522
  0.00036091947407594  0.00038146678422908  0.00040401536033596  0.00042735031545956
  0.00044775660727582  0.00047370980116435  0.00050477428260859  0.00054195937125124
  0.00059407911875609  0.00065379958552622  0.00071416157890846  0.00077437343327888
  0.00084054884232570  0.00096161358113224  0.00513779937013720  1.00000000000000000
 -0.00257215320788141  0.00967150566673512  0.01989040811217187  0.03006803246433618
  0.04012641476269850  0.05036956784855518  0.06045658889678700  0.07024506385051969
  0.07994558965377642  0.08981967319661925  0.09980386783520410  0.10994072049609427
  0.11998476409818397  0.13019293585895450  0.14046926789535252  0.15081477651153105
  0.16110797274651439  0.17115671824937748  0.18097550955877154  0.19052912483975790
  0.19993460828787699  0.20951032940195893  0.21957182204640840  0.22991783917556408
  0.24006266055090170  0.25006609377100841  0.25977033233286306  0.26968970896739020
  0.27972292146698446  0.28924228408536484  0.29848578514747032  0.30791274249964729
  0.31786367747862754  0.32807746593244214  0.33809472289397319  0.34799029781281493
  0.35801932350381749  0.36823671338867958  0.37827206415240833  0.38786468480791370
  0.39715740139094879  0.40638297563965387  0.41575470842416107  0.42539998027301901
  0.43529422648146360  0.44601867438566384  0.45744978074719800  0.46894907162484134
  0.48027142704302539  0.49126065776539307  0.50211744483409193  0.51273836092921166
  0.52335096470847087  0.53449653839463085  0.54628255347739552  0.55828967328596357
  0.56996205122638821  0.58132379234637721  0.59252551243425899  0.60376913150878908
  0.61452188624849546  0.62464592144946252  0.63460466020076700  0.64447673380229109
  0.65475501522315949  0.66498625356923335  0.67525455082558450  0.68592986753471152
  0.69672577737961949  0.70773663831600142  0.71883402183918432  0.73007344775405836
  0.74101127814371270  0.75172452467387507  0.76252919884680526  0.77374035832772214
  0.78526064671910489  0.79725576677708299  0.80922535526605921  0.82107094079889809
  0.83238928855435368  0.84367635001342278  0.85458555613403830  0.86500813655191222
  0.87488246554618976  0.88492723503189985  0.89481231954401208  0.90511909208704144
  0.91467986074458874  0.92522125475784256  0.93604925936438865  0.94787884761737373
  0.96055808819213173  0.97369741859879488  0.98687951623138293  1.00000000000000000
 -0.00216258372104806  0.00953727027460209  0.01946254953854891  0.03008214015572128
  0.04047819546637026  0.05117292752584358  0.06197515608579920  0.07302286772249941
  0.08409051598199122  0.09498230254723310  0.10605258593669842  0.11703540343234579
  0.12764567136517574  0.13803735047605345  0.14830471920803165  0.15906897336981890
  0.16988187461423021  0.18078807239280403  0.19153684775770827  0.20232193108222332
  0.21344525504857967  0.22468882854356367  0.23570207254569131  0.24666953347754442
  0.25769997339193490  0.26864050674006262  0.27967339677102016  0.29079846146290189
  0.30176631824281458  0.31240684925804157  0.32302362114008176  0.33399256720565201
  0.34521648485810441  0.35654460046931696  0.36803398947386357  0.37970314783754044
  0.39120909881223509  0.40224752775984313  0.41326184575137204  0.42448810091716421
  0.43594543555907983  0.44617906195264811  0.45591995919950706  0.46569001581122754
  0.47564488259352661  0.48577465672013348  0.49569652723848667  0.50606427204968651
  0.51650100437378266  0.52664990561264546  0.53659749891417297  0.54672850065631418
  0.55718994003996158  0.56769290039099751  0.57800586377405705  0.58791098967975830
  0.59755034735662182  0.60702141223470107  0.61608774937333100  0.62492116374487328
  0.63392428573509363  0.64357279467144879  0.65424728492912476  0.66516510887268543
  0.67509139322581957  0.68498426174632765  0.69470297889127608  0.70548634093098728
  0.71617163857999067  0.72694925010748479  0.73739814526886804  0.74812923589121438
  0.75866440490639742  0.76901687995639989  0.77909122153860100  0.78944083060786452
  0.80046015352656297  0.81185203624685343  0.82323056400540096  0.83486265530653181
  0.84655174745783579  0.85793270926889464  0.86898870101409986  0.87994168413038942
  0.89065036827464572  0.90057389183079639  0.90969808875093439  0.91864751115207599
  0.92767320203048320  0.93726286122721281  0.94714746082837964  0.95737676672464256
  0.96810057205906186  0.97836152333999626  0.98920349312180356  1.00000000000000000
 -0.00233540777818803  0.00979277677608051  0.01982122576136258  0.03020442404856789
  0.04058164617490752  0.05124721606386066  0.06144888424274010  0.07135483550217538
  0.08146972283061345  0.09205007694974357  0.10246750740694623  0.11266750875017258
  0.12280977079806057  0.13346266994436548  0.14431486310582559  0.15528799603367943
  0.16659595652611703  0.17809699482190205  0.18930577164617043  0.19974937866260087
  0.20984805929149580  0.21948297953146229  0.22929091747696179  0.23903837172516726
  0.24931041780519195  0.25951009131759972  0.26982055136916339  0.27983881846062370
  0.28946584100673656  0.29892346068583042  0.30880935249859248  0.31949574390427166
  0.33030301647378879  0.34082625594191024  0.35151631756540830  0.36249581362691863
  0.37320707767779293  0.38372585753721083  0.39464501940890095  0.40571478431650360
  0.41665744577892139  0.42710700693960735  0.43753489583974209  0.44794171203118333
  0.45815678810060850  0.46845559447142326  0.47894819851650861  0.48968159258605937
  0.50055182981061863  0.51132449244738887  0.52180647450097062  0.53213065606886545
  0.54256213345024784  0.55302529090823049  0.56326799056081822  0.57348936817450358
  0.58370418756899978  0.59378414416019487  0.60391047338163850  0.61425948262186525
  0.62483542847531925  0.63534389041896644  0.64591872213984103  0.65650942772722576
  0.66696463653964932  0.67750784472354986  0.68820404793587531  0.69920862621936442
  0.70999959534527202  0.72051541736400548  0.73113073166025400  0.74192657915608573
  0.75296470758990441  0.76354118526649106  0.77417560466260127  0.78450368054779607
  0.79476222522476880  0.80518228181204410  0.81601896343637914  0.82710900065247384
  0.83796207928746913  0.84870317724983357  0.85936483376822648  0.86959663876390803
  0.87957260461251718  0.88943603973341501  0.89988803042308185  0.91105107770308535
  0.92224109614152150  0.93355148291358026  0.94451049099430484  0.95535738621589406
  0.96625747796145889  0.97729312800386114  0.98869662313765561  1.00000000000000000
  0.10539188882744940  0.13129514086512412  0.14791109531120633  0.16500167941970501
  0.18203859756973242  0.19601858803002614  0.21017855697633897  0.22397199932374454
  0.23757912185088895  0.25057644648290311  0.26333591883000174  0.27563468567970595
  0.28794575423826818  0.30003122344864691  0.31215312529819450  0.32414417189902145
  0.33608985571321276  0.34795043737988685  0.35941543131459164  0.37064395990082877
  0.38201029065108755  0.39338219877460950  0.40443135426072813  0.41503158331219847
  0.42551203422574424  0.43595660827932664  0.44646137809129932  0.45697848183731526
  0.46736072819883423  0.47758286088796720  0.48769056543080197  0.49770163554234581
  0.50751101391557474  0.51725364872222068  0.52709163635143708  0.53692855489912195
  0.54654317102444461  0.55596466656730625  0.56544272363547354  0.57509295684215778
  0.58464373745113385  0.59397783178976815  0.60302983088104467  0.61179245570966734
  0.62039638289969834  0.62896983068060142  0.63762864866495694  0.64629481521299736
  0.65483969265863406  0.66316401669570435  0.67145778613407092  0.67963547103079947
  0.68784514916413864  0.69591669915174359  0.70381124141302343  0.71156498587028838
  0.71900166878152427  0.72644809881183425  0.73387985086674845  0.74120365111916808
  0.74849711181665635  0.75566134209679825  0.76264484994395232  0.76977877755031177
  0.77705331930647825  0.78440390571138008  0.79173460072234969  0.79908193332950939
  0.80647068647837006  0.81374073963647087  0.82083294374552729  0.82787939624369744
  0.83496643249778202  0.84204023554884089  0.84909057994910087  0.85610023826599413
  0.86308099421190065  0.87008255138838853  0.87702979215009969  0.88404907764358043
  0.89106981154699572  0.89799752596375393  0.90470816600132375  0.91134319989194656
  0.91809284847309081  0.92511988818540358  0.93243264068735188  0.93972032280529283
  0.94673505306222039  0.95347027182076649  0.96034404800736384  0.96733821657620800
  0.97466878870768703  0.98235165753783915  0.99093538330716113  1.00000000000000000
 -0.01081055028995218  0.14857604139552216  0.19123890747465164  0.22159482353960355
  0.24688536238420686  0.26787823831773955  0.28607873462668676  0.30252623017004832
  0.31780450686394862  0.33212448452115173  0.34493599425236721  0.35723827842609429
  0.36942766620441841  0.38134859710263230  0.39278017380775859  0.40389832712045276
  0.41473631748267803  0.42527593558874249  0.43572247226917021  0.44579812568471872
  0.45539426769289337  0.46472988243787516  0.47410553616408480  0.48336653737034685
  0.49225063781226075  0.50096741938291267  0.50969455367042193  0.51845022392843265
  0.52699688963359848  0.53540708959481920  0.54377154060023147  0.55201950550888401
  0.56016776338460239  0.56832955959473708  0.57654571352273276  0.58466542067908311
  0.59264254471169708  0.60068327174145186  0.60847489973113245  0.61609745889061951
  0.62356008063591806  0.63085414138598894  0.63801377753184574  0.64535006866979105
  0.65261096938795371  0.65971115386519474  0.66640948879991846  0.67301198859586508
  0.67982659398022971  0.68622386022467319  0.69230885138923248  0.69817923489229228
  0.70409618896066106  0.71003683939748030  0.71572664827230192  0.72110417683073580
  0.72645056378110562  0.73169075328067068  0.73658705825693016  0.74134099191765057
  0.74620208492560525  0.75104818185735389  0.75619491668002337  0.76100609080024073
  0.76526400250963134  0.76955575586902336  0.77377989802939562  0.77772145958278194
  0.78165959577995692  0.78520534111136242  0.78826305212813286  0.79171402353257148
  0.79505351612594544  0.79828050715455345  0.80145418343463026  0.80463195761073236
  0.80790731780849345  0.81263587374124036  0.81769082192903453  0.82185590748825610
  0.82601365045230091  0.83048283355359620  0.83403503805611268  0.83809774161271755
  0.84323123843623482  0.84866406612529377  0.85439313344794487  0.85846996214386406
  0.86268173233224266  0.86696069350816274  0.87150756292045450  0.87609685290264339
  0.88532651997147249  0.89462769494229644  0.91291042295417435  1.00000000000000000
   1.9518057114944090E-004  -1.0000000000000000     
 F F F F F F F F F F F F F F F F F F F F F F F F F F F F F F F F F F F F F F F F F F F F F F F F F F F F F F F F F F F F F F F F
  <DiscreteSampler_grid>
  grouped_processes
  1 # 1 for a reference and 2 for a running grid.
  10 # Attribute 'min_bin_probing_points' of the grid.
  1 # Attribute 'grid_mode' of the grid. 1=='default',2=='initialization'
  0.0000000000000000 # Attribute 'small_contrib_threshold' of the grid.
  0.5000000000000000 # Attribute 'damping_power' of the grid.
 # binID   n_entries weight   weight_sqr   abs_weight
    13   10   7.918638851394763E+004   1.415609412544239E+010   7.918638851394763E+004
    14   10   7.918638851394755E+004   1.415609412544233E+010   7.918638851394755E+004
    16   10   1.971209799451774E+004   8.698228863262904E+008   1.971209799451774E+004
    17   10   1.971209799451772E+004   8.698228863262870E+008   1.971209799451772E+004
  </DiscreteSampler_grid>
