 -0.00341366876152234  0.01587797123738732  0.03000023157570645  0.04222691746910206
  0.05378035826110361  0.06487375173911979  0.07594253073202532  0.08698813234605506
  0.09807568727873933  0.10906581975584712  0.12008387171293167  0.13108829465525770
  0.14199890636592799  0.15284075989922113  0.16370609261777691  0.17460592229943592
  0.18559881811434684  0.19669350992787130  0.20783971664883991  0.21880672833797182
  0.22977837014563915  0.24085878683327697  0.25178639896194938  0.26236890164889826
  0.27288173182724401  0.28355493242360086  0.29423568269611650  0.30485424959156648
  0.31555215350814630  0.32641974017758502  0.33725625262023118  0.34806079778060328
  0.35890952789812747  0.36978277536426213  0.38061291122922952  0.39139196934360948
  0.40212157442565616  0.41273839998073575  0.42334578319045990  0.43405316336110933
  0.44482498341044180  0.45543154132034197  0.46603903606646485  0.47677189856224655
  0.48767452630821900  0.49864732087988556  0.50955310269152876  0.52021007408360220
  0.53052955799521517  0.54059500865797561  0.55056788562103731  0.56053101540833739
  0.57063515505522311  0.58098022232563251  0.59156872552883444  0.60228950502665080
  0.61304483382991348  0.62380419289572508  0.63452862989845227  0.64509839893450915
  0.65543589016409498  0.66568375082397169  0.67593876830513056  0.68627378299966779
  0.69654235052056424  0.70682167802664186  0.71709297927486793  0.72749001355491250
  0.73797584234386282  0.74848421217656136  0.75890204776843639  0.76934800942176607
  0.77975617521882623  0.79005253520781515  0.80014050005030768  0.81022519520397063
  0.82044330667438403  0.83081175344872982  0.84104575269555815  0.85121553269442174
  0.86140233761122809  0.87180659999416366  0.88230456552141900  0.89277466545724971
  0.90308570614927897  0.91325357449382860  0.92334231355203689  0.93316874991778520
  0.94270354536816647  0.95198187058460126  0.96103235141128052  0.97003981906769199
  0.97880767638384214  0.98672351444552364  0.99362149881318185  1.00000000000000000
  0.00000246413422335  0.00000272511033040  0.00000290604717184  0.00000308936434360
  0.00000327985339433  0.00000348204037525  0.00000369662315576  0.00000392860588906
  0.00000418378356048  0.00000445865487230  0.00000475278118026  0.00000506296111187
  0.00000539096960056  0.00000573968595996  0.00000611169363917  0.00000651970289069
  0.00000693381815374  0.00000740172344887  0.00000787694695563  0.00000840635422655
  0.00000895003224600  0.00000953284079076  0.00001014223596974  0.00001078657673919
  0.00001148851245009  0.00001221456337768  0.00001299580726680  0.00001381280587044
  0.00001470379896917  0.00001565498743875  0.00001664533077478  0.00001770206638430
  0.00001881399011186  0.00002000073241624  0.00002126792416862  0.00002259934328714
  0.00002403196900490  0.00002552899019340  0.00002709838822960  0.00002873663991718
  0.00003043891180240  0.00003227549411439  0.00003421098654738  0.00003626241041627
  0.00003844548830456  0.00004073736299693  0.00004317329786817  0.00004581416500385
  0.00004851007228860  0.00005157294693767  0.00005467405131039  0.00005822886925040
  0.00006194978788652  0.00006589031967702  0.00007013981482080  0.00007465135002689
  0.00007942289368581  0.00008442411086338  0.00008968489271866  0.00009514425166115
  0.00010081083735303  0.00010705174542583  0.00011386022057990  0.00012130600710685
  0.00012954555198189  0.00013843939096507  0.00014812437483871  0.00015904176708931
  0.00017084809122535  0.00018367883889568  0.00019735334003190  0.00021140603966056
  0.00022732574088406  0.00024438303070448  0.00026368611987082  0.00028597050288240
  0.00031174102488317  0.00034237765122171  0.00037625999299673  0.00040906653166114
  0.00044138545838956  0.00047554956634939  0.00051316546512487  0.00055390587228860
  0.00060251222158130  0.00065978539882418  0.00071862585922892  0.00078077212885769
  0.00085988803133290  0.00096638739534418  0.00116821953750270  0.00145751260288166
  0.00175162679932091  0.00218486972551445  0.01031091735267696  1.00000000000000000
 -0.00168591440947897  0.00918416226173941  0.01864181660525684  0.02831032287427428
  0.03792371745408386  0.04768863908575444  0.05735767434861816  0.06702093228138813
  0.07668494344499871  0.08609008154360934  0.09527006047749213  0.10439987066151182
  0.11375387424063531  0.12329153543010524  0.13283878893122705  0.14235300040334245
  0.15190022320588931  0.16150329327923510  0.17109142322216833  0.18064025944362533
  0.19014849796975256  0.19976786260833643  0.20967254299547120  0.21996761693393369
  0.23035653264208786  0.24066644906515494  0.25104545202804396  0.26164562620176929
  0.27228037901380514  0.28267029973654989  0.29303570502506099  0.30356862062901246
  0.31424926105384665  0.32493035676984311  0.33565290880123627  0.34649743675671729
  0.35750939353516026  0.36867638478167775  0.37992770972940110  0.39129330782603783
  0.40282664211843450  0.41446775464113816  0.42609763072261825  0.43767128922760273
  0.44919261879617822  0.46081517253484450  0.47262896156729250  0.48468811922356136
  0.49659893512091829  0.50858271830753254  0.52044774030127161  0.53223463723093878
  0.54396782857655690  0.55585980758931608  0.56759323478617441  0.57932433096482161
  0.59112759613700494  0.60301234549938387  0.61470714489761213  0.62627294132498368
  0.63799549348576168  0.64965398273884911  0.66121294440775658  0.67278508129037351
  0.68448466347316739  0.69592846214097626  0.70717395911700520  0.71836658239134132
  0.72939445477437581  0.74033559165646223  0.75106721362868856  0.76174289688667918
  0.77220236983905510  0.78247523294769783  0.79289253736409804  0.80344163062980478
  0.81401631233215666  0.82453852079833090  0.83500904503286100  0.84536669516033247
  0.85542509445930937  0.86502354382467017  0.87450307587536569  0.88399721880442872
  0.89350082365976669  0.90310009218252008  0.91245639911855736  0.92202973812840161
  0.93162218633402316  0.94144770160286206  0.95149428154004922  0.96166293423738103
  0.97161697513870626  0.98126334622434508  0.99071330460110985  1.00000000000000000
 -0.00187526611334935  0.00997001379195164  0.02017305908369087  0.03078896438159491
  0.04151404630965190  0.05221672826873507  0.06288841499051420  0.07363017439580755
  0.08455510293734490  0.09513294881050859  0.10572527212111987  0.11615999671676992
  0.12663793304314999  0.13722474883088945  0.14795070908910871  0.15889205224729575
  0.16971939163345454  0.18026784388161396  0.19090784284035933  0.20146823274901185
  0.21222402320637065  0.22271397624950312  0.23339368017324283  0.24408011710719052
  0.25496684460849017  0.26575043708933221  0.27683976014832246  0.28786478367473334
  0.29865179119259155  0.30915588959526785  0.31974871585653813  0.33038888997380433
  0.34094410604918785  0.35150341935082874  0.36191550206776762  0.37232871796504413
  0.38274345504597362  0.39363507635350881  0.40438393296746167  0.41511303481799733
  0.42566990690329226  0.43631576602814853  0.44699471138277863  0.45768191765088045
  0.46828859648575993  0.47892199173021494  0.48952224790457094  0.50000784244614105
  0.51042944107544252  0.52067322466857036  0.53114463320798222  0.54170834787124289
  0.55243260922197224  0.56305718075688993  0.57365827066156261  0.58433619502903078
  0.59525340039275154  0.60605029337767902  0.61676105449733121  0.62718838407076871
  0.63740284559470917  0.64758749678651539  0.65772228227126495  0.66809766124777037
  0.67833543259853324  0.68861373552002347  0.69892048514094540  0.70949209796676649
  0.72001627109421340  0.73034999723269889  0.74047153911151831  0.75072784804330139
  0.76092928100967283  0.77114474990569404  0.78135009814110290  0.79174647398974951
  0.80221021006322990  0.81253003498039800  0.82299887856640719  0.83384783909432914
  0.84485456768009204  0.85602565103285144  0.86624483141487862  0.87658168961514005
  0.88651801151029919  0.89699913079290794  0.90741058816430920  0.91788591786184170
  0.92844841934177902  0.93903370329245939  0.94943396467746266  0.95979683199680621
  0.96992457874944060  0.98012798884725227  0.99003443942463154  1.00000000000000000
 -0.00132549794881205  0.00981199947607470  0.02033129366481509  0.03075038090500641
  0.04151222711727146  0.05228971570663379  0.06301524518972518  0.07380261891787267
  0.08454199172619296  0.09527684846926394  0.10575949049231684  0.11604661654498985
  0.12644849536937211  0.13673347404469907  0.14720134479103714  0.15750362224599165
  0.16777701933291439  0.17842736666100814  0.18929078118366316  0.20019605866789203
  0.21106753219053936  0.22203688876539579  0.23297540856982676  0.24390433149508137
  0.25496391499919013  0.26627309736544813  0.27745884830755640  0.28873257062195090
  0.29945084316517956  0.31010786022574638  0.32034230093763127  0.33037078249470458
  0.34029221016910993  0.35035535189738226  0.36084485052092075  0.37158146888569654
  0.38252014783049887  0.39337484767770814  0.40393272238860639  0.41440658884518738
  0.42508407957109695  0.43561528188435172  0.44611582299117875  0.45657991897440486
  0.46701438920303928  0.47742351397822996  0.48797026074590893  0.49843311719094541
  0.50866493588738559  0.51854435101524221  0.52883520600760325  0.53912739210859961
  0.54935101387489593  0.55932880412621311  0.56956907744016672  0.57969071732339950
  0.58990365039897075  0.60008323098644134  0.61072029881294143  0.62142058518585908
  0.63229305032086047  0.64309807844844857  0.65400857371021914  0.66496383604229359
  0.67560880841199655  0.68626466576404255  0.69656836818038204  0.70697198736812350
  0.71729402438957568  0.72779267415091808  0.73834936727314093  0.74886086076558833
  0.75927261218485176  0.76972638998614828  0.78002354303261368  0.79031417677817462
  0.80045962833418338  0.81073280170468776  0.82074192767686005  0.83070741434925532
  0.84071173309975822  0.85090873142209444  0.86116771898493794  0.87150065932859122
  0.88216541857565312  0.89304228316112522  0.90367720918650296  0.91426537302602373
  0.92515956996130733  0.93638572747908688  0.94752274421944749  0.95857909007856978
  0.96930314784433058  0.97977518128781071  0.98994565642077237  1.00000000000000000
 -0.00874217174145480  0.09957299815515949  0.17852045585246334  0.23819318045918364
  0.28551930378819024  0.31720908079531285  0.40584216279012825  0.42458692235469769
  0.44759069650427469  0.45615905114909272  0.46370300600378989  0.47371597122540449
  0.49908131611785433  0.50560584403394726  0.51126555066966517  0.51703782790094444
  0.52331299790509422  0.52990400979010088  0.53591758106663245  0.54151527953354439
  0.54672388353810797  0.55158731270065164  0.55631451005935439  0.56091550233207377
  0.56543571807145954  0.56992426130274765  0.57441459083238999  0.57892121506318472
  0.58344733681043126  0.58800424401807205  0.59254689262647875  0.59706639037021314
  0.60159836273282152  0.60620801044443406  0.61088204708940941  0.61558204184865051
  0.62026925034809244  0.62495231707927390  0.62968102022623107  0.63447163626207481
  0.63926770484634310  0.64406419593863040  0.64891664529720605  0.65377204052436566
  0.65865391994335787  0.66357772176186625  0.66855276532424934  0.67360420732042070
  0.67867789953716562  0.68374548126721091  0.68884967494114613  0.69401354805039062
  0.69922525948563818  0.70444653623021491  0.70974658094390675  0.71517751025944787
  0.72063176603225976  0.72609746245141960  0.73155671204627970  0.73709306995639690
  0.74267064442654696  0.74827205560199328  0.75389261143041419  0.75948176650420240
  0.76506542488109763  0.77064160696001105  0.77630567065626377  0.78203262486240366
  0.78780213699461021  0.79368502119664630  0.79967455685203570  0.80566566356498126
  0.81164910314764083  0.81768816921218457  0.82376659909444561  0.82985657921574851
  0.83595690307153214  0.84206679983172239  0.84823962125944941  0.85451883115045901
  0.86088889397183121  0.86740027653657226  0.87391606675267142  0.88080483265238940
  0.88779575109411490  0.89507549124876251  0.90260562617149653  0.91032012172345300
  0.91834627683427972  0.92679659051857888  0.93572380327572113  0.94516416519642499
  0.95539155735083947  0.96704077313788306  0.98168190063247673  1.00000000000000000
  0.08879555246047198  0.15107210261510914  0.16639049934198924  0.17854552358601461
  0.18537131414441760  0.19077757802623896  0.19612082676189332  0.20169783892043197
  0.20892426692605762  0.21492731189455686  0.22117558801725204  0.22652783812566338
  0.23159564985968872  0.23645254245849198  0.24109973074835853  0.24560491693974215
  0.25008899219253850  0.25462993567800057  0.25931103700402791  0.26387374795643675
  0.26856248897448776  0.27333528628126791  0.27819742338074649  0.28308881004160286
  0.28796241353261387  0.29290929655681630  0.29789139298278555  0.30300292716442234
  0.30818756111266676  0.31349853894829810  0.31885508180117839  0.32422367473349972
  0.32959186995071404  0.33492485726382809  0.34026965334735099  0.34558314021832220
  0.35084805399051566  0.35612613754816969  0.36144456549526938  0.36685885363326776
  0.37229983089296997  0.37775613395457575  0.38318859843368130  0.38864461276551693
  0.39420344686583858  0.39984218223808299  0.40555782924133171  0.41126006358290090
  0.41692729757670832  0.42263320930191262  0.42830643422954739  0.43407959604171770
  0.43987630417923146  0.44565234858237190  0.45142512083605735  0.45727500720298431
  0.46323884925316594  0.46928139867002705  0.47538191724805762  0.48157570550472312
  0.48789168417925660  0.49428024013821625  0.50075518608293967  0.50733215755072958
  0.51399870682903437  0.52066783222141932  0.52743558290215609  0.53433334318166514
  0.54128612452000680  0.54846294476780433  0.55567278994334512  0.56300618024229487
  0.57056170654358962  0.57822702937081971  0.58608701948443076  0.59411041121155805
  0.60228484229079171  0.61064355953772753  0.61910146282529921  0.62774641631269479
  0.63667929918109190  0.64597173704878208  0.65567039039104846  0.66572596759157421
  0.67623578046312072  0.68722832170166148  0.69868326336432962  0.71079610196267029
  0.72393337861211715  0.73819947751013082  0.75385727464778107  0.77125366959319497
  0.79123838493653043  0.81473357608977603  0.84535789465381672  1.00000000000000000
   7.7687152653078198E-003  -1.0000000000000000     
 F F F F F F F F F F F F F F F F F F F F F F F F F F F F F F F F F F F F F F F F F F F F F F F F F F F F F F F F F F F F F F F F F F F F F F F F F F F F F F F F F F F F F F F F F F F F F F F F F F F F F F F F F F F F F F F F F F F F F F F F F F F F F F F F
  <DiscreteSampler_grid>
  grouped_processes
  1 # 1 for a reference and 2 for a running grid.
  10 # Attribute 'min_bin_probing_points' of the grid.
  1 # Attribute 'grid_mode' of the grid. 1=='default',2=='initialization'
  0.0000000000000000 # Attribute 'small_contrib_threshold' of the grid.
  0.5000000000000000 # Attribute 'damping_power' of the grid.
 # binID   n_entries weight   weight_sqr   abs_weight
    19   10   1.817117382183860E+005   5.743750244479440E+010   1.817117382183860E+005
    20   10   1.817117382183860E+005   5.743750244479440E+010   1.817117382183860E+005
    22   10   2.390684761726665E+005   1.016307931638139E+011   2.390684761726665E+005
    23   10   2.390684761726665E+005   1.016307931638140E+011   2.390684761726665E+005
    25   10   1.748742926541523E+005   5.829861610600121E+010   1.748742926541523E+005
    26   10   1.748742926541523E+005   5.829861610600126E+010   1.748742926541523E+005
    28   10   2.186133743519273E+005   9.209879508210825E+010   2.186133743519273E+005
    29   10   2.186133743519274E+005   9.209879508210832E+010   2.186133743519274E+005
  </DiscreteSampler_grid>
