  0.02467191649762743  0.17033820669562760  0.17400974672458844  0.17768128675354930
  0.18135282678251016  0.18502436681147100  0.18887428683419985  0.19309346925915907
  0.19731265168411830  0.20153183410907752  0.20575101653403674  0.21010683286220849
  0.21467820263477269  0.21924957240733686  0.22382094217990106  0.22839231195246526
  0.23252845337874620  0.23657583531460680  0.24062321725046742  0.24467059918632802
  0.24871798112218865  0.25241116484896975  0.25594014272610477  0.25946912060323979
  0.26299809848037475  0.26652707635750977  0.27005605423464479  0.27452853363194585
  0.27926752621628259  0.28400651880061933  0.28874551138495608  0.29383269288087011
  0.29947939302931592  0.30512609317776168  0.31077279332620750  0.39619594180397039
  0.39971449277736099  0.40323304375075153  0.40675159472414207  0.41027014569753267
  0.41378869667092322  0.41730724764431376  0.42082579861770431  0.42434434959109479
  0.42786290056448534  0.43138145153787588  0.43490000251126637  0.43827176268318518
  0.44122802640163578  0.44418429012008637  0.44714055383853701  0.45009681755698761
  0.45305308127543820  0.45600934499388884  0.45940402268161373  0.46441013264437764
  0.46941624260714154  0.47442235256990545  0.47942846253266935  0.48443457249543320
  0.48944068245819705  0.49444679242096090  0.49945290238372475  0.62558041129727049
  0.66977722315259436  0.67416704169440367  0.67855686023621309  0.68294667877802240
  0.68733649731983182  0.69172631586164113  0.69611613440345055  0.70050595294525986
  0.70489577148706917  0.70904168788479460  0.71230713926857214  0.71557259065234968
  0.71883804203612722  0.72210349341990487  0.72536894480368241  0.72863439618745995
  0.73294024743276476  0.73744871026954362  0.74195717310632259  0.74646563594310145
  0.75097409877988031  0.75548256161665917  0.75999102445343814  0.76449948729021699
  0.76900795012699585  0.85473849514158129  0.90315529110481463  0.91348939941206553
  0.92308127270073992  0.93234363203173498  0.94560024594081737  1.00000000000000000
 -0.00415801092752728  0.00285856428896311  0.00571712857792623  0.00857569286688934
  0.01143425715585246  0.01429282144481557  0.01715138573377869  0.02000995002274180
  0.02329978209640422  0.02676409432691306  0.03022840655742190  0.03369271878793074
  0.03715703101843959  0.04062134324894843  0.13495556114093993  0.21213875776264812
  0.22058074387361490  0.22902272998458167  0.23746471609554837  0.24590670220651506
  0.25434868831748175  0.26279067442844845  0.27715304668343388  0.29458328148838397
  0.29785535183225059  0.30112742217611721  0.30439949251998388  0.30767156286385050
  0.31094363320771712  0.31421570355158379  0.31748777389545041  0.32075984423931703
  0.32403191458318370  0.32730398492705032  0.33057605527091694  0.33378680999091037
  0.33666915220224553  0.33955149441358068  0.34243383662491583  0.34531617883625099
  0.34819852104758608  0.35108086325892124  0.35396320547025639  0.35915777989417819
  0.36452796851288138  0.36989815713158464  0.37516187741179263  0.37840140042827980
  0.38164092344476691  0.38488044646125408  0.38811996947774119  0.39135949249422836
  0.39459901551071547  0.39818443144344429  0.40198276413528566  0.40578109682712699
  0.40957942951896836  0.41337776221080974  0.41717609490265106  0.42097442759449238
  0.42477276028633371  0.42857109297817503  0.43236942567001635  0.43616775836185762
  0.44031208808412831  0.44464333371525006  0.44897457934637180  0.45330582497749350
  0.45763707060861525  0.46196831623973700  0.46629956187085880  0.47063080750198061
  0.47496205313310236  0.47929329876422416  0.48362454439534586  0.48795579002646761
  0.49228703565758936  0.49661828128871105  0.52928920485773434  0.66289125228723578
  0.79179661525236777  0.79539361484403370  0.79899061443569952  0.80258761402736545
  0.80618461361903127  0.80978161321069719  0.81302779753007259  0.81518857585591442
  0.81734935418175625  0.81951013250759808  0.82167091083343990  0.82383168915928173
  0.82599246748512356  0.82761848370234170  0.82761848370235169  1.00000000000000000
  0.06649547417958576  0.11444807190307939  0.12472947713949203  0.12903267165366952
  0.13317431770442775  0.13731596375518598  0.14145760980594421  0.14559925585670244
  0.14984028704291971  0.15408727175785480  0.15833425647278987  0.16258124118772496
  0.16682822590266003  0.17107521061759506  0.17532219533253010  0.17956918004746514
  0.18381616476240017  0.20887509285762759  0.37007508735327310  0.40064538169986441
  0.40637258308864693  0.41209978447742951  0.41782698586621203  0.42355418725499455
  0.42928138864377702  0.43500859003255954  0.44073579142134200  0.44646299281012453
  0.45219019419890699  0.45791739558768951  0.50399920677476806  0.50997801523966324
  0.51595682370455842  0.52193563216945371  0.52791444063434889  0.53389324909924418
  0.53987205756413947  0.54482165145372086  0.54932981373707335  0.55383797602042584
  0.55834613830377833  0.56282796732080687  0.56700106203060452  0.57117415674040217
  0.57534725145019971  0.57952034615999737  0.58369344086979502  0.58786653557959268
  0.59203963028939044  0.59621272499918809  0.60038581970898575  0.60466213177577566
  0.60993334828257328  0.61520456478937091  0.62047578129616843  0.64593496061825828
  0.65408237923434809  0.66222979785043801  0.67037721646652781  0.67852463508261762
  0.68667205369870743  0.69481947231479724  0.70296689093088705  0.76335607997931521
  0.77726211032972914  0.78400359053452184  0.79074507073931455  0.79546119194136777
  0.79985659154151811  0.80425199114166834  0.80864739074181868  0.81304279034196902
  0.81743818994211925  0.82183358954226959  0.82622898914241982  0.83062438874257016
  0.83535215145314112  0.84061378743345938  0.84587542341377775  0.85113705939409601
  0.87659588018663159  0.88200621069634955  0.88741654120606761  0.89282687171578556
  0.89823720222550363  0.90364753273522158  0.90905786324493965  0.91446819375465771
  0.91987852426437577  0.92528885477409373  0.93069918528381179  0.93610951579352975
  0.96581109099976348  0.97799470012020762  0.98905701936960577  1.00000000000000000
  0.04556798537572231  0.04986249220911670  0.05415699904251109  0.05845150587590548
  0.06285393934654115  0.06903246136946381  0.07521098339238647  0.08138950541530912
  0.16779422127417198  0.17530013408515838  0.18280604689614480  0.19031195970713119
  0.19781787251811758  0.20532378532910397  0.21250261018786093  0.21946250554775684
  0.22642240090765278  0.23603431205694167  0.24737261684424680  0.25871092163155190
  0.27004922641885704  0.31593164623100428  0.32110554820890769  0.32627945018681104
  0.33145335216471444  0.33662725414261790  0.34180115612052131  0.34697505809842477
  0.35214896007632823  0.35639637731498952  0.36005150727904739  0.36370663724310520
  0.36736176720716301  0.37101689717122083  0.37467202713527870  0.37935864038597955
  0.38414693159126218  0.38893522279654474  0.39372351400182737  0.39851180520710999
  0.40330009641239262  0.40808838761767524  0.41287667882295792  0.41775596321905767
  0.42298069680458361  0.42820543039010955  0.43343016397563555  0.43865489756116149
  0.44387963114668749  0.44910436473221343  0.45432909831773938  0.45955383190326538
  0.46477856548879137  0.47000329907431743  0.47522803265984342  0.51749673722410972
  0.54571930074447084  0.55051656341441024  0.55531382608434954  0.56011108875428883
  0.56490835142422824  0.56970561409416753  0.57450287676410683  0.57930013943404624
  0.58409740210398553  0.58889466477392494  0.59369192744386434  0.59848919011380375
  0.60328645278374304  0.73131031090109677  0.75939900940849636  0.77008000934535792
  0.78076100928221959  0.79144200921908137  0.80212300915594292  0.81693204165868638
  0.85834223886933569  0.86383006608527690  0.86931789330121800  0.87480572051715921
  0.87811296621728030  0.88134018198841135  0.88456739775954241  0.88779461353067335
  0.89102182930180440  0.89424904507293546  0.89716341224232210  0.89977609697971617
  0.90238878171711012  0.90500146645450419  0.90761415119189826  0.91022683592929232
  0.91283952066668639  0.91545220540408045  0.96456522146860746  1.00000000000000000
  0.11921512683232627  0.12045503658291876  0.12169494633351123  0.12293485608410372
  0.12417476583469621  0.12677636763919689  0.13208783432451873  0.13739930100984055
  0.14271076769516239  0.15063147526445289  0.16227438212484238  0.17391728898523182
  0.18556019584562120  0.19720310270601057  0.21557118577483270  0.27484212030889660
  0.28088128380056060  0.28692044729222460  0.29295961078388860  0.29899877427555249
  0.30503793776721644  0.31107710125888038  0.31619810871688925  0.32103610747954869
  0.32587410624220808  0.33071210500486753  0.33645524091670898  0.34326865956959829
  0.35008207822248760  0.35689549687537692  0.36370891552826617  0.37052233418115538
  0.43134946185352524  0.56372644723268039  0.56979461359328543  0.57586277995389046
  0.58193094631449549  0.58799911267510052  0.59406727903570555  0.60013544539631070
  0.60565475302567717  0.61008784041161079  0.61452092779754441  0.61895401518347803
  0.62338710256941166  0.62761193703887674  0.63171766939139107  0.63582340174390539
  0.63992913409641983  0.64403486644893415  0.64814059880144859  0.65224633115396291
  0.65635206350647735  0.66045779585899178  0.66456352821150622  0.66926210444829259
  0.67458328957875791  0.67990447470922311  0.68522565983968831  0.71076866440276787
  0.71623097476686226  0.72169328513095654  0.72715559549505093  0.73261790585914521
  0.73808021622323949  0.74354252658733377  0.74900483695142805  0.75446714731552234
  0.75992945767961662  0.76539176804371090  0.77145759488705901  0.80249414167740207
  0.81483943511165091  0.82718472854589964  0.83543988080093967  0.83963662975881104
  0.84383337871668240  0.84803012767455388  0.85222687663242525  0.85646984459524045
  0.86075253643793836  0.86503522828063628  0.86931792012333420  0.87360061196603223
  0.87788330380873014  0.88216599565142806  0.88644868749412598  0.89073137933682389
  0.89501407117952181  0.94207581961324904  0.95031736266148192  0.95850445373525317
  0.96475653203259015  0.97100861032992725  0.97646826903025308  1.00000000000000000
  0.54835426410039256  0.64732428784076590  0.64881524234819843  0.65030619685563107
  0.65179715136306371  0.65328810587049624  0.65477906037792888  0.65627001488536141
  0.65776096939279405  0.65925192390022669  0.66074287840765922  0.66223383291509186
  0.66372478742252439  0.66521574192995703  0.66671673794722719  0.66858169995166561
  0.67044666195610392  0.67231162396054223  0.67417658596498065  0.67604154796941895
  0.67790650997385737  0.67977147197829568  0.68163643398273399  0.68350139598717241
  0.68536635799161072  0.68723131999604914  0.69005002913425795  0.69302926929617770
  0.69600850945809745  0.69898774962001731  0.70196698978193706  0.70494622994385692
  0.70792547010577667  0.75180096193840285  0.75567997681249954  0.75955899168659635
  0.76343800656069305  0.76731702143478975  0.77119603630888645  0.77507505118298325
  0.77895406605707995  0.78283308093117676  0.78671209580527357  0.79059111067937027
  0.79348177752850890  0.79599326149011473  0.79850474545172068  0.80101622941332651
  0.80352771337493245  0.80603919733653828  0.80855068129814411  0.81106216525975006
  0.81349768851967674  0.81583148494592661  0.81816528137217648  0.82049907779842646
  0.82283287422467632  0.82516667065092619  0.82750046707717617  0.82983426350342604
  0.83216805992967591  0.83432717336827467  0.83631208960609438  0.83829700584391420
  0.84028192208173402  0.84226683831955373  0.84425175455737356  0.84623667079519338
  0.84822158703301309  0.85020650327083291  0.85219141950865274  0.85417907300522933
  0.85672590717762476  0.85927274135002008  0.86181957552241539  0.86436640969481082
  0.86691324386720614  0.86946007803960146  0.87200691221199678  0.87455374638439221
  0.87794403540165789  0.88151351048865523  0.88508298557565246  0.88865246066264980
  0.89222193574964703  0.89579141083664438  0.96019883777774073  0.96498177886222714
  0.96976471994671354  0.97454766103119983  0.97930850697537875  0.98344680558030295
  0.98758510418522716  0.99172340279015136  0.99586170139507568  1.00000000000000000
  0.26394450267155961  0.26505203178245712  0.26615956089335463  0.26726709000425208
  0.26837461911514959  0.26948214822604710  0.27058967733694461  0.27394662481531812
  0.27793802226605119  0.28192941971678431  0.28592081716751738  0.28991221461825045
  0.31415171145343579  0.31832895736713157  0.32250620328082741  0.32668344919452325
  0.33086069510821908  0.33503794102191492  0.33921518693561081  0.34339243284930665
  0.34756967876300254  0.35174692467669844  0.35592417059039427  0.36010141650409011
  0.36427866241778595  0.36845590833148179  0.37263315424517762  0.41699972568010807
  0.42022310835499627  0.42344649102988441  0.42666987370477255  0.42989325637966075
  0.43311663905454889  0.43634002172943709  0.43956340440432523  0.44278678707921337
  0.44601016975410157  0.44923355242898971  0.45245693510387791  0.45568031777876605
  0.45888597627937600  0.46200919224713866  0.46513240821490137  0.46825562418266403
  0.47137884015042675  0.47450205611818946  0.47762527208595212  0.48142080560463796
  0.48587147417080612  0.49032214273697422  0.49477281130314232  0.49922347986931048
  0.50367414843547864  0.50812481700164669  0.51257548556781485  0.51702615413398301
  0.52131297039515134  0.52463036102238070  0.52794775164960994  0.53126514227683919
  0.53458253290406843  0.53789992353129779  0.54121731415852703  0.54413105063718892
  0.54698154423115120  0.54983203782511347  0.55268253141907575  0.55553302501303803
  0.55838351860700031  0.56123401220096258  0.56385946690054523  0.56630512011533296
  0.56875077333012081  0.57119642654490854  0.57364207975969639  0.57608773297448412
  0.57853338618927197  0.58097903940405971  0.58344050614528753  0.58630948142917150
  0.58917845671305547  0.59204743199693943  0.59491640728082340  0.59778538256470737
  0.60065435784859134  0.60352333313247530  0.60695070317362365  0.61053948017647830
  0.61412825717933306  0.61771703418218782  0.62130581118504247  0.62489458818789723
  0.72374904553095498  0.72374904553096497  0.72374904553097497  1.00000000000000000
   3.3815060100273886E-005  -1.0000000000000000     
 F F F F F F F F F F F F F F F F F F F F F F F F F F F F F F F F F F F F F F F F F F F F F F F F F F F F F F F F F F F F F F F F F F F F F F F F F F F F F F F F F F F F F F F F F F F F F F F F F F F F F F F F F F F F F F F F F F F F F F F F F F F F F F F F
  <DiscreteSampler_grid>
  grouped_processes
  1 # 1 for a reference and 2 for a running grid.
  10 # Attribute 'min_bin_probing_points' of the grid.
  1 # Attribute 'grid_mode' of the grid. 1=='default',2=='initialization'
  0.0000000000000000 # Attribute 'small_contrib_threshold' of the grid.
  0.5000000000000000 # Attribute 'damping_power' of the grid.
 # binID   n_entries weight   weight_sqr   abs_weight
    19   10   2.458040541437592E+005   3.802938820790224E+011   2.458040541437592E+005
    20   10   2.458040541437594E+005   3.802938820790233E+011   2.458040541437594E+005
    22   10   3.271590246063749E+005   6.957774134080725E+011   3.271590246063749E+005
    23   10   3.271590246063752E+005   6.957774134080743E+011   3.271590246063752E+005
    25   10   1.947834572598073E+005   2.264835229633116E+011   1.947834572598073E+005
    26   10   1.947834572598074E+005   2.264835229633121E+011   1.947834572598074E+005
    28   10   2.362256420584514E+005   3.192726750492795E+011   2.362256420584514E+005
    29   10   2.362256420584514E+005   3.192726750492800E+011   2.362256420584514E+005
  </DiscreteSampler_grid>
