  0.00000009994450297  0.00000015253614552  0.00000015856715613  0.00000016504624480
  0.00000017208851856  0.00000018042851674  0.00000018963672753  0.00000019920079269
  0.00000020820535016  0.00000021704513018  0.00000022567616196  0.00000023457941285
  0.00000024350470462  0.00000025238618938  0.00000026081100921  0.00000026901402013
  0.00000027849120696  0.00000028798468592  0.00000029789047304  0.00000030755490822
  0.00000031750779192  0.00000032808981392  0.00000033725515318  0.00000034720960425
  0.00000035850585350  0.00000037002286157  0.00000038405476078  0.00000039896789973
  0.00000041611771726  0.00000043357879217  0.00000044940521138  0.00000046482957145
  0.00000048078536462  0.00000049806268342  0.00000051582703946  0.00000053960278789
  0.00000056839043615  0.00000059791625598  0.00000063034087167  0.00000066642685089
  0.00000070441215130  0.00000074029099858  0.00000078003179688  0.00000082467820478
  0.00000087413468594  0.00000092799708884  0.00000098460548326  0.00000104311504570
  0.00000110583000917  0.00000117992212455  0.00000125423461141  0.00000133585835234
  0.00000142583451368  0.00000152081110159  0.00000162223829729  0.00000173178586276
  0.00000184760766873  0.00000197692007045  0.00000212054833769  0.00000226869230959
  0.00000242976623258  0.00000260552549941  0.00000278637703901  0.00000299225162286
  0.00000320818537757  0.00000344623401199  0.00000370938089417  0.00000398422144961
  0.00000428935240713  0.00000462955861406  0.00000499973767940  0.00000543676480705
  0.00000592070702951  0.00000645002876975  0.00000706083556262  0.00000774805850699
  0.00000855691959238  0.00000950382109966  0.00001060092326322  0.00001193773850312
  0.00001355742662192  0.00001558275948944  0.00001814242699207  0.00002123466848316
  0.00002489495623549  0.00002968346825273  0.00003626346612654  0.00004521467562381
  0.00005780433369146  0.00007651477948557  0.00010490123324586  0.00015775487261140
  0.00026659670211440  0.00063922073106966  0.16605735141875305  1.00000000000000000
  0.00000056545161878  0.00000068185158350  0.00000081150903619  0.00000095687540330
  0.00000111748955949  0.00000133163859098  0.00000159845217280  0.00000195895494009
  0.00000237752397513  0.00000287739025683  0.00000343667679835  0.00000400914795365
  0.00000468217128796  0.00000543061127208  0.00000625482561831  0.00000709784628747
  0.00000799520364413  0.00000891499382967  0.00000985277202624  0.00001077593155659
  0.00001177491192927  0.00001280034231145  0.00001391316885752  0.00001509891682664
  0.00001632696779528  0.00001758778797967  0.00001886077725608  0.00002021460825146
  0.00002163207812236  0.00002307852963846  0.00002461719986400  0.00002623194136739
  0.00002788481130727  0.00002955408649907  0.00003124867655595  0.00003296776762358
  0.00003478223883013  0.00003672834735300  0.00003873684808461  0.00004079479744754
  0.00004295818695327  0.00004515126096549  0.00004723237250802  0.00004938351593561
  0.00005200822450461  0.00005481164715500  0.00005765716155382  0.00006046480574044
  0.00006387328919741  0.00006734518712645  0.00007105729622874  0.00007511126120202
  0.00007942071095326  0.00008392785195614  0.00008881073075319  0.00009404749327017
  0.00009921751492563  0.00010450429017999  0.00011017884413516  0.00011651552197815
  0.00012361454756874  0.00013116775106065  0.00013907140345974  0.00014757621441179
  0.00015572295086839  0.00016497968188749  0.00017413007904690  0.00018128624015682
  0.00018827792756073  0.00019631845628628  0.00020513076413202  0.00021412186814980
  0.00022339572500101  0.00023896099085767  0.00025702667202500  0.00027453702171081
  0.00029329478257658  0.00031251642511121  0.00033366011948863  0.00036141838620308
  0.00039445556917382  0.00043248683971255  0.00047800074614716  0.00053455377296364
  0.00060117605850031  0.00069488439602691  0.00082681178090823  0.00100056763926133
  0.00126419099001374  0.00153812912746097  0.00180683151185922  0.00206036112013641
  0.00240023775522075  0.00316938192820384  0.20460414198036736  1.00000000000000000
  0.00000269969634348  0.00000279908313801  0.00000288430667072  0.00000296315715931
  0.00000304441932184  0.00000313526083301  0.00000324161732277  0.00000335428189585
  0.00000347744911977  0.00000360299735939  0.00000373195794646  0.00000386979449467
  0.00000400529221603  0.00000414604107241  0.00000429036968315  0.00000445156482986
  0.00000462427538718  0.00000479338832997  0.00000496153253257  0.00000513425523842
  0.00000532322847345  0.00000551770387944  0.00000572868484798  0.00000595434536413
  0.00000620473027825  0.00000645904850496  0.00000672393802490  0.00000701456312755
  0.00000732724590095  0.00000764933839179  0.00000798251328332  0.00000832979683493
  0.00000868270347415  0.00000906415465712  0.00000948453130878  0.00000990516002289
  0.00001031216511601  0.00001072916162588  0.00001116546121666  0.00001165340436634
  0.00001211151428351  0.00001259643899764  0.00001313133286682  0.00001368579804986
  0.00001427619494828  0.00001495674556957  0.00001571960539958  0.00001653225882670
  0.00001740421655115  0.00001831874262635  0.00001926949204892  0.00002039444376173
  0.00002164379858042  0.00002291097290717  0.00002421313268451  0.00002563911220711
  0.00002725302650074  0.00002897706879875  0.00003074182381278  0.00003256805809294
  0.00003445771499827  0.00003658459221022  0.00003901820174524  0.00004162903932295
  0.00004432402020147  0.00004714242482453  0.00005024840407608  0.00005376395382226
  0.00005766224968696  0.00006195464418045  0.00006485955281709  0.00006809166274039
  0.00007172864259265  0.00007595400044921  0.00008134230456642  0.00008836510599327
  0.00009628377288971  0.00010539401294655  0.00011537431597627  0.00012678574824144
  0.00014064462828773  0.00015736330357232  0.00017719502053688  0.00020031303566136
  0.00022989798079587  0.00027184424155147  0.00032516869399755  0.00039860594727495
  0.00051271164818582  0.00065620827680390  0.00088778973757894  0.00120330209356797
  0.00183797081580334  0.00293015767356359  0.17389096105858950  1.00000000000000000
 -0.00229788780767738  0.01092591635981054  0.02238982100260251  0.03385401346383785
  0.04484685630288695  0.05558425484793460  0.06677377808387594  0.07844968873680584
  0.08950728851665639  0.09940087146707169  0.10943793861166881  0.12024055239010434
  0.13132087035731249  0.14154524988362113  0.15175958024535499  0.16320430062375774
  0.17591545555015822  0.18874793815244584  0.20068428315305448  0.21133609861607569
  0.22105221132345079  0.23096475384796927  0.24110428148920862  0.25157093554828031
  0.26207706092682370  0.27298711334000680  0.28370978773188266  0.29458178711501226
  0.30477182852799284  0.31493522819475234  0.32461100723527786  0.33470717741923978
  0.34503623639023789  0.35559561656003980  0.36630215281073036  0.37717806677020788
  0.38863531015824454  0.39974659871632451  0.41137587134717113  0.42291607400884706
  0.43462941272227212  0.44606895082300235  0.45762615560366104  0.46845036107957022
  0.47804204818997781  0.48694512897239484  0.49560089895464143  0.50457762023059194
  0.51384049444282864  0.52342080567607885  0.53302191970187296  0.54083455958160698
  0.54758859217325595  0.55445439614343628  0.56128918013844020  0.57002027723936177
  0.58114961233226847  0.59230935376714333  0.60313591924488108  0.61465060572263763
  0.62568346322309865  0.63547269824907804  0.64489125446815121  0.65382131611557159
  0.66252596056400725  0.67138557487640016  0.68100369660806714  0.69142170179338125
  0.70242935235699744  0.71303779008017842  0.72326530224940255  0.73315641664563680
  0.74340189781670563  0.75360018332648560  0.76474087216957720  0.77638706538646574
  0.78815064923155520  0.79942244756128733  0.81086097258293510  0.82200827839121027
  0.83263615635053334  0.84317229318676246  0.85366904479086791  0.86386954912688674
  0.87410531341764608  0.88446652168614981  0.89513840717090865  0.90508352899274103
  0.91536948663455531  0.92712121225595812  0.93946957615960214  0.95134357406185210
  0.96310512664059855  0.97525832867010276  0.98753860955603123  1.00000000000000000
 -0.00229067625655659  0.00940737329917288  0.01843189459085073  0.02795606154970410
  0.03768452840741512  0.04722084788912043  0.05648833048984956  0.06572160404321138
  0.07537729099174049  0.08609325871030545  0.09769347117031021  0.10924183721253154
  0.12052107002740511  0.13138263989213320  0.14222965673881469  0.15361464959330368
  0.16517041693107851  0.17640889883699268  0.18701512024220796  0.19750712985373842
  0.20785840404379283  0.21884749885008598  0.23040179943761055  0.24299132853687813
  0.25522409972289389  0.26676175796565127  0.27771126655363210  0.28797437229722866
  0.29902564712078283  0.31048917959364114  0.32139800358198201  0.33155606285748496
  0.34201589492621526  0.35266156419338446  0.36259762027895903  0.37164649405676359
  0.38057888577414012  0.38922854302633081  0.39841488471111475  0.40809985424674683
  0.41923769090894597  0.43044874028645114  0.44172046818205557  0.45234271645778262
  0.46274770924071817  0.47278466013584675  0.48282926047601271  0.49299742217623732
  0.50331914771006203  0.51392263250381676  0.52482079236435430  0.53545375674281237
  0.54592251004431913  0.55632835671719882  0.56746768309979601  0.57929943645191362
  0.59039124247897401  0.60059037176715879  0.61086662837033479  0.62194703947166718
  0.63248084746346145  0.64270003004477694  0.65272863394174285  0.66361871939972072
  0.67513643370625642  0.68622928540325012  0.69696960400664576  0.70740196494895502
  0.71782278747713746  0.72878600123566450  0.73766299030629778  0.74510269765764903
  0.75246337261327600  0.76029379127670904  0.76977955534741538  0.78052635130442194
  0.79132548140638737  0.80208633420651398  0.81318966471763288  0.82440295738630054
  0.83560082770961808  0.84650979800878867  0.85763775272746900  0.86942421901345945
  0.88149551627396583  0.89319945343588369  0.90488124242457046  0.91631827603545890
  0.92685975615357108  0.93755510360732863  0.94759397958839542  0.95790098888288988
  0.96765666151218710  0.97778363459196094  0.98875403587382393  1.00000000000000000
 -0.00130998725852548  0.02106227533656253  0.04015669302746241  0.05766038324613611
  0.07513150607704076  0.09357349968930535  0.11224249918098729  0.12920765980419460
  0.14494473725280096  0.15986962091919732  0.17484560279617128  0.19078127327787225
  0.20727491481615912  0.22387857693431426  0.24036453006035524  0.25575347176196034
  0.26981945577962491  0.28375044814000788  0.29785245078397654  0.31220779365979240
  0.32741442548632671  0.34288149703386528  0.35736613712867910  0.37090541601493521
  0.38455190105963905  0.39864225315017904  0.41292103388778517  0.42706077367026479
  0.44135909949634339  0.45543571496196483  0.46915080373740653  0.48250676564600975
  0.49578783114826291  0.50871427310159734  0.52136631119784804  0.53351480056755141
  0.54521991074504617  0.55687246830423720  0.56873219312528789  0.58065903307977229
  0.59175373292611655  0.60240508081319866  0.61266895698187351  0.62192068258248934
  0.63077234993161391  0.63968310953731777  0.64881537762554797  0.65783870972994596
  0.66660206734552463  0.67587195107597009  0.68481184348679036  0.69296818701678897
  0.70119819211391476  0.70972703163378570  0.71976986896122275  0.72935625346678523
  0.73872277019795440  0.74812800565778692  0.75791840029207713  0.76704963008062310
  0.77544381399490270  0.78353307061348543  0.79146431234583470  0.79898515994237518
  0.80642945115045106  0.81405297869001847  0.82225768124413756  0.83033794833985375
  0.83826079888405625  0.84618845174670554  0.85325649850331575  0.85913104579538813
  0.86481339660392220  0.87038009820554052  0.87599412642187557  0.88180147309382606
  0.88836156040904457  0.89549181830544144  0.90250949259629321  0.91033096505116118
  0.91765337851870921  0.92355153312812455  0.92902450027123851  0.93472090876739744
  0.94033557414230584  0.94582908222674167  0.95123847708665221  0.95644706462114726
  0.96168301696087477  0.96730778778447168  0.97320989144939152  0.97923869882934333
  0.98471237968957703  0.99007094688699415  0.99518026261700243  1.00000000000000000
 -0.00214935085229352  0.00995536389668677  0.02049399900530004  0.03057834538150304
  0.04148603315748323  0.05282633204086271  0.06311462919406145  0.06968193931908541
  0.07634201241047338  0.08302613697937367  0.08991566807189559  0.09935962733605060
  0.10915249941080403  0.11925180419389060  0.12909513425426652  0.13902699344040007
  0.14964559599375390  0.16104649090400175  0.17237609658964662  0.18328001997141236
  0.19381162880927358  0.20421134290979429  0.21441837360720620  0.22435456973135368
  0.23418480153756896  0.24364731141383358  0.25347429030117746  0.26338152743043663
  0.27388695684194470  0.28509928034818682  0.29647603531615241  0.30794189328703536
  0.31832159756004463  0.32849184218910865  0.33874752999047353  0.34879999871915951
  0.35785094873511669  0.36704426518662892  0.37598172443138700  0.38653642315954251
  0.39741770915196667  0.40987046700045060  0.42272222190945968  0.43540912217034405
  0.44800770510086685  0.45997457381880497  0.47141896228282626  0.48247758388068068
  0.49410121353137681  0.50605095743938600  0.51747939426394762  0.52929371547077209
  0.53955585513441029  0.54967262855649957  0.55981702331809258  0.56970624411873882
  0.58013282690887669  0.59042360351242684  0.60077142352570789  0.61174127530880962
  0.62295386807799880  0.63371440711399740  0.64387932966546846  0.65384475404666464
  0.66423989499761138  0.67497722603258770  0.68523825476260070  0.69535888886021346
  0.70599065450033327  0.71737446668403404  0.72913276480203038  0.74069541702667774
  0.75233732133141973  0.76336755420032620  0.77381087900510626  0.78440095315403446
  0.79508985485546169  0.80634101627338040  0.81711992915121423  0.82706050201125092
  0.83694715961861910  0.84696991784860676  0.85702011940891643  0.86776443980115603
  0.87898638373188620  0.89071515266498158  0.90209694622011449  0.91216685154503951
  0.92217990850325304  0.93168323733852043  0.94158990960278843  0.95199529485874534
  0.96432438466632286  0.97739530038128841  0.98906264234012364  1.00000000000000000
 -0.00231281889511198  0.01020834917623002  0.02107305642083254  0.03265471531805579
  0.04326664387409045  0.05318464848152886  0.06026016622564686  0.06813427980053999
  0.07660017917099526  0.08519174875013408  0.09620270631217193  0.10808785491237777
  0.11951591380394536  0.13035997281358336  0.14035522453151258  0.15081551107076474
  0.16100323064536451  0.17100462380483228  0.18147024920381361  0.19190312932843895
  0.20148792858770356  0.21083916144008591  0.21995540533450217  0.22909559853768491
  0.23827496981787019  0.24709062608234481  0.25740006316534153  0.26798496922491655
  0.27875662465956025  0.28985308603689114  0.30182495962009737  0.31372037195545166
  0.32493106628917656  0.33593929809212020  0.34646616964155674  0.35628367619567164
  0.36624503290887833  0.37689565270284819  0.38849616080458615  0.40067885612376514
  0.41278941673573644  0.42433475466177950  0.43490062013992387  0.44500394431979723
  0.45502027698506808  0.46552979469469002  0.47647897417304103  0.48773608752460335
  0.49878851746276370  0.50959188343585859  0.52021322334827413  0.53042973238114699
  0.54036058716163959  0.55042238518801678  0.56132657059918345  0.57309153260975942
  0.58473306351836885  0.59575279847655005  0.60640084431974106  0.61711460893377379
  0.62782454038758007  0.63899118127295085  0.65001672173586655  0.65988721546159212
  0.66904245216651548  0.67758620054755692  0.68722261486784653  0.69717221745768287
  0.70719139310149570  0.71716893836958640  0.72731564273912097  0.73782174581019833
  0.74876318328513869  0.75975711457311190  0.77040735504721525  0.78094818917004460
  0.79172305732111647  0.80302850454924413  0.81471225489823196  0.82487247519240159
  0.83455010458066436  0.84448074295569242  0.85481202601374662  0.86574316773287441
  0.87663368971198508  0.88732106824571089  0.89830265760945427  0.90975197743676639
  0.92231109987400517  0.93411326094878444  0.94532621147902451  0.95664004240353551
  0.96734873334565474  0.97867414794709129  0.98932459236752757  1.00000000000000000
  0.22325146069340882  0.24590257025201612  0.27186420041653947  0.28321364100314805
  0.29304668966414599  0.30666046437202660  0.31973957228363170  0.33420533130940827
  0.35030945904867500  0.36346391868598360  0.37351079493912115  0.38192184481832120
  0.38954949102605479  0.39696446553971088  0.40366542961117735  0.41053758738889573
  0.41818298357539602  0.42631629494705336  0.43318177552648157  0.43995800170283178
  0.44750527610305685  0.45515395947808363  0.46385487125099212  0.47321004279164802
  0.48198745878145810  0.48992504642606655  0.49870069336511236  0.50804437946591574
  0.51719281236721437  0.52571387131895986  0.53298648903989299  0.53985961238498126
  0.54658887998664740  0.55370601567414424  0.56109846836761756  0.56814667171134614
  0.57512894859789432  0.58234563637765890  0.58994408592938463  0.59735818612892211
  0.60391631845461102  0.61063607751334925  0.61744731948046860  0.62503910626070902
  0.63259893129873757  0.64013355495765834  0.64727988820417870  0.65405414164763653
  0.66081550282597779  0.66753376081229621  0.67480480200015336  0.68206596665938091
  0.68900657658176645  0.69587139356260730  0.70275314855024684  0.71018055821106674
  0.71751755754738389  0.72483261796768794  0.73195998161826958  0.73906065689131528
  0.74614097340895791  0.75298688211416409  0.75973759491959525  0.76656247622456197
  0.77335575324902683  0.78034829882543844  0.78755309449265176  0.79443567160647233
  0.80080739899648379  0.80714989792514258  0.81336501851608078  0.81953399819755202
  0.82554358221604474  0.83155929971004316  0.83778033453144041  0.84407240196598743
  0.85028810633110741  0.85707309795327535  0.86402432522024253  0.87090786598256742
  0.87782912319283946  0.88481533855528838  0.89180366903080943  0.89875206929025309
  0.90578518198360658  0.91309137821898101  0.92075228893828842  0.92882280232083392
  0.93660266330171549  0.94439310969613666  0.95246802369882211  0.96030141436734229
  0.96827356205096571  0.97692440768715305  0.98685990061424578  1.00000000000000000
 -0.00819278133193684  0.11776935543704337  0.15202648810502148  0.17491248902076686
  0.19239540003512598  0.20757331414618990  0.22137287084401927  0.23451866925929502
  0.24709181102702249  0.25901687937167472  0.27005034152936785  0.28070660892725868
  0.29077724674734978  0.29985998601861574  0.30821581005323562  0.31651145382384493
  0.32520042267654320  0.33424617750447055  0.34093061023482052  0.34688117545764940
  0.35274735457580497  0.35856306591579173  0.36480575261357012  0.37208540719972255
  0.37922031900688780  0.38623532504700925  0.39338667515057557  0.40036804035199636
  0.40689552812210500  0.41350604697108312  0.41991001890568541  0.42622501690560927
  0.43238345056933597  0.43829570326695866  0.44412825065565270  0.44981614301268680
  0.45534656455447636  0.46104132531939052  0.46690271760364604  0.47301660346626673
  0.47895332253892026  0.48461793277330734  0.49030845149059182  0.49618513638080380
  0.50222794832177575  0.50828731060893595  0.51434130935243272  0.52067734371828744
  0.52710829866430342  0.53368299177040179  0.54010453418480142  0.54676393237353837
  0.55329853823745512  0.55972755321184742  0.56598080332644474  0.57222780996419276
  0.57867014327912192  0.58520558082605623  0.59181608307432854  0.59861667373014216
  0.60556037197596413  0.61318019638758325  0.62037204404220092  0.62719306396175323
  0.63411401059818440  0.64095437163155933  0.64794940877655383  0.65509100860109348
  0.66221035834583009  0.66956301266581608  0.67720787832442542  0.68494024964405231
  0.69267442310980776  0.70029361191879980  0.70787660623593573  0.71582631706837074
  0.72418809769642445  0.73289928864713771  0.74207431852888794  0.75144196047876177
  0.76135700581975818  0.77010593442708519  0.77696457892417448  0.78354813291872838
  0.79035928888041851  0.79620424757335528  0.80189016311355332  0.80857643474246677
  0.81705614458373821  0.82701595944960660  0.83581725244766614  0.84345309110955946
  0.85084443630992146  0.85895321516380452  0.87613441521059521  1.00000000000000000
   3.6280382053315821E-005  -1.0000000000000000     
 F F F F F F F F F F F F F F F F F F F F F F F F F F F F F F F F F F F F F F F F F F F F F F F F F F F F F F F F F F F F F F F F F F F F F F F F F F F F F F F F F F F F F F F F F F F F F F F F F F F F F F F F F F F F F F F F F F F F F F F F F F F F F F F F
  <DiscreteSampler_grid>
  grouped_processes
  1 # 1 for a reference and 2 for a running grid.
  10 # Attribute 'min_bin_probing_points' of the grid.
  1 # Attribute 'grid_mode' of the grid. 1=='default',2=='initialization'
  0.0000000000000000 # Attribute 'small_contrib_threshold' of the grid.
  0.5000000000000000 # Attribute 'damping_power' of the grid.
 # binID   n_entries weight   weight_sqr   abs_weight
    13   10   3.071381184332599E+000   6.801784681996921E+001   3.071381184332599E+000
    16   10   7.645347730517557E-001   4.274342583399215E+000   7.645347730517557E-001
    22   10   3.015097020339410E+000   6.589396360381657E+001   3.015097020339410E+000
    25   10   7.486313016558304E-001   4.031936749276964E+000   7.486313016558304E-001
  </DiscreteSampler_grid>
