  0.00000010266392405  0.00000014632176215  0.00000015358805348  0.00000016075041637
  0.00000016806566330  0.00000017553700540  0.00000018479258291  0.00000019555934043
  0.00000020735597153  0.00000021881437665  0.00000023039953423  0.00000024243229136
  0.00000025549670826  0.00000026975680756  0.00000028415557189  0.00000029907377529
  0.00000031437177562  0.00000032921535669  0.00000034497876971  0.00000036264457880
  0.00000038155583563  0.00000040054754330  0.00000042077643369  0.00000044324613749
  0.00000046731193225  0.00000049259173003  0.00000052052522662  0.00000055089395583
  0.00000058408940179  0.00000061609794939  0.00000065338923453  0.00000069133462444
  0.00000073100234960  0.00000077459347837  0.00000082242637246  0.00000087183122533
  0.00000092475833766  0.00000098668040060  0.00000104473384310  0.00000111239424082
  0.00000118302867958  0.00000125663242536  0.00000133717745136  0.00000142606880958
  0.00000152231860644  0.00000162328200654  0.00000172678373683  0.00000183297328810
  0.00000194037583911  0.00000207042446453  0.00000220449569264  0.00000235843272347
  0.00000252103162224  0.00000269006559797  0.00000287236458649  0.00000307238588548
  0.00000328781955737  0.00000351500801556  0.00000376694202055  0.00000403010009406
  0.00000433742352263  0.00000466522460271  0.00000503690776608  0.00000545016931290
  0.00000590310074552  0.00000638834000984  0.00000693154405982  0.00000757460862617
  0.00000830889735153  0.00000912471792068  0.00001001735746322  0.00001107900423486
  0.00001223302158169  0.00001356253722437  0.00001501422123599  0.00001676238599686
  0.00001887836421184  0.00002135641202666  0.00002433803994802  0.00002816144339507
  0.00003269757368241  0.00003826276264882  0.00004484883094098  0.00005277664676041
  0.00006283325563890  0.00007564803531587  0.00008989165647286  0.00011055814140905
  0.00014614052654340  0.00021294465309086  0.00030419594758534  0.00045220597610347
  0.00072968332769233  0.00131586594321764  0.04574601475305145  1.00000000000000000
  0.00000052668595352  0.00000077502449695  0.00000085886720252  0.00000095519134060
  0.00000105013239630  0.00000115537698618  0.00000128289963156  0.00000146920984259
  0.00000172080227968  0.00000199833331663  0.00000228687221546  0.00000259226225266
  0.00000297043487325  0.00000339247914396  0.00000390772114214  0.00000445141670039
  0.00000503045546049  0.00000569721707122  0.00000644954700174  0.00000727580812632
  0.00000813998123758  0.00000912783332861  0.00001019800657784  0.00001128669533846
  0.00001237981926796  0.00001354801562873  0.00001483992820258  0.00001618088960394
  0.00001761028418117  0.00001913876290686  0.00002085038060321  0.00002263149250287
  0.00002454651749220  0.00002661559583881  0.00002887602094214  0.00003132348374631
  0.00003390435133978  0.00003665012990266  0.00003954968492767  0.00004259291289851
  0.00004598317485884  0.00004935602699819  0.00005317868769168  0.00005705767187975
  0.00006133677246211  0.00006598878981426  0.00007080902056366  0.00007608795040682
  0.00008171056066432  0.00008764991535102  0.00009393665530462  0.00010059987347786
  0.00010753934268493  0.00011475143642328  0.00012238860195066  0.00013065906826714
  0.00013999954870117  0.00015011028272394  0.00016143993930062  0.00017406994953610
  0.00018740687652147  0.00020181773083012  0.00021756741493345  0.00023327038979735
  0.00025283770276879  0.00027122062073805  0.00029069329268013  0.00031179400847157
  0.00033446588422809  0.00035876113058008  0.00038409036788337  0.00040935925625740
  0.00043928168994319  0.00047200325593189  0.00050769634662368  0.00054360153812743
  0.00057837291811950  0.00062160954077568  0.00066408038371240  0.00070395515650600
  0.00074884644105111  0.00079841524824351  0.00085976751894546  0.00094464340058958
  0.00105488215086676  0.00116713534897317  0.00129836271638578  0.00149877956119669
  0.00172775663332747  0.00209553142082315  0.00266398386697015  0.00342912206334744
  0.00421577453617273  0.00545093819903189  0.06304340018406741  1.00000000000000000
  0.00000250157380544  0.00000258394749281  0.00000275949180258  0.00000293317140545
  0.00000311577891808  0.00000331491030722  0.00000351287746959  0.00000371140359014
  0.00000390929019068  0.00000410689606971  0.00000430465134703  0.00000450443439451
  0.00000470696413282  0.00000491570356510  0.00000513926430192  0.00000537710920852
  0.00000561315780818  0.00000584303944618  0.00000610450509671  0.00000636273637774
  0.00000663415007069  0.00000691655795668  0.00000723736845131  0.00000755525531774
  0.00000788782768767  0.00000824357512191  0.00000861417395763  0.00000898990248871
  0.00000938257449864  0.00000981012024531  0.00001025056639227  0.00001072029490585
  0.00001121074354419  0.00001171842085552  0.00001221053491728  0.00001276560863833
  0.00001334647392829  0.00001395072626105  0.00001459174972735  0.00001527844316934
  0.00001601074026206  0.00001678002073658  0.00001764558160758  0.00001854566743660
  0.00001948644821270  0.00002051119421725  0.00002149151823480  0.00002247807861494
  0.00002349633646531  0.00002462791899418  0.00002594931211082  0.00002758020829317
  0.00002939565661228  0.00003138067624940  0.00003348742827591  0.00003566288974454
  0.00003799837469097  0.00004035070123591  0.00004306725756260  0.00004601171748904
  0.00004927903764699  0.00005268149555585  0.00005623150616736  0.00005994492602144
  0.00006410932811197  0.00006900762440357  0.00007449488473506  0.00008052986275188
  0.00008715947102673  0.00009479505983070  0.00010387188667026  0.00011363152266275
  0.00012333380902916  0.00013401358470568  0.00014689556120732  0.00016533079390129
  0.00018510620284606  0.00020729638870669  0.00023093167102476  0.00025782677187651
  0.00028978178072711  0.00032392780834276  0.00036218194940067  0.00040698130752824
  0.00046865692543189  0.00054199626171614  0.00062480371763700  0.00071887509398732
  0.00082844240333098  0.00099489183309342  0.00124376231083360  0.00170919297100953
  0.00245511228323311  0.00422128284318146  0.03469932750226425  1.00000000000000000
 -0.00199354610378284  0.00883372138600103  0.01803280022304149  0.02829353907587204
  0.03915989064472413  0.05052592412647846  0.06170082730438296  0.07300302510749650
  0.08401504991649432  0.09489959173336836  0.10613454771286995  0.11772673388839776
  0.12934802310173588  0.14120099509403947  0.15239932855704827  0.16353154287205815
  0.17455109035387964  0.18584808454576962  0.19760933408121878  0.20899292701069502
  0.22028126043760848  0.23119988561039909  0.24110206844943485  0.25063890438549630
  0.25986742434434329  0.26968956686065015  0.27992933731247815  0.29044499478920510
  0.30103527936370666  0.31241263208666503  0.32374650010743183  0.33541530547065063
  0.34625615436293788  0.35684122821973341  0.36683911001387404  0.37724130906774539
  0.38822002756704460  0.39861903407238808  0.40859506016637603  0.41834100683471304
  0.42829140997366777  0.43857001624573078  0.44893893986197603  0.45934298498654552
  0.46958169733215976  0.47898561558365699  0.48844924141948259  0.49796859292150158
  0.50780423202301606  0.51765301841073919  0.52734168538271098  0.53687253016880754
  0.54633725871309935  0.55603021209740877  0.56560550569526380  0.57487956090920156
  0.58376807941725839  0.59252033847944297  0.60168147449152287  0.61141394666355886
  0.62158278128610345  0.63189032146180157  0.64234456034415810  0.65295186289689788
  0.66361834053121382  0.67409309981205046  0.68452220381585993  0.69505062258779227
  0.70545587816462973  0.71584723030179753  0.72609704398394181  0.73671468193320033
  0.74764400069596770  0.75889412715061477  0.77053661862369227  0.78193312333828568
  0.79252858010853100  0.80233928449316960  0.81211388736650003  0.82249272418893482
  0.83356432805581016  0.84450792501344185  0.85533173348007085  0.86632629476468848
  0.87748290217971980  0.88874416351608421  0.89963788677694634  0.91073408951360535
  0.92218030370126181  0.93401289855846625  0.94595253876036445  0.95693778370739346
  0.96757990164851726  0.97806262821254764  0.98897340338153350  1.00000000000000000
 -0.00223994012463105  0.01134574237925318  0.02285011060128143  0.03328903520281859
  0.04363412759887624  0.05397887324516024  0.06478177924018903  0.07591201646430890
  0.08670996148130654  0.09864221813607978  0.10998943562766456  0.12196320409902819
  0.13328487678009254  0.14403667650973384  0.15435127617671771  0.16477732734225869
  0.17581417228372420  0.18663424575721313  0.19734715846401774  0.20814422857589410
  0.21849148306616251  0.22873080098551821  0.23885507965987199  0.24854648120465506
  0.25840691151955142  0.26798495974836883  0.27803920600699733  0.28803171296692126
  0.29845943524316898  0.30879477439408770  0.31999399448720073  0.33125186553482439
  0.34218480867257561  0.35286395160342993  0.36294272056855487  0.37333316973299091
  0.38311792233754793  0.39305579709578775  0.40239096530978180  0.41243624455701849
  0.42329926140332924  0.43529846516395426  0.44636263643782487  0.45635070781648074
  0.46608095669537231  0.47612393204729409  0.48626305670839748  0.49707024484991419
  0.50752263133000053  0.51750020040712541  0.52731540816682598  0.53711855318599455
  0.54786674296201421  0.55890162276456801  0.56931107832161132  0.57918864145746762
  0.58880557913051179  0.59875571537719641  0.60821292452390263  0.61786644554465386
  0.62812315806927765  0.63988293111319439  0.65152688479877430  0.66247895830770798
  0.67334810375287724  0.68422783199870696  0.69499870551520349  0.70571858258018128
  0.71621671749958060  0.72670468771873031  0.73711552425537630  0.74701532361176004
  0.75660066372681933  0.76621333983987572  0.77685608609641932  0.78785180380067887
  0.79863079372021928  0.80942952195167561  0.82082275442576624  0.83251909103390209
  0.84372023251867467  0.85456224959511407  0.86496991904158471  0.87500070544592512
  0.88525812138288285  0.89514764661960200  0.90585030176597314  0.91640484608449435
  0.92681356032695694  0.93735383368920355  0.94778855260764316  0.95857878540419861
  0.96929999747846363  0.97995556061094580  0.99013334937619724  1.00000000000000000
 -0.00267004607951153  0.01387456369625248  0.02753429998803611  0.04120587027933061
  0.05606530954774686  0.07197668867990875  0.08713373872823503  0.10134642037580484
  0.11516812101721724  0.12884171660267915  0.14257347630997028  0.15622881757591636
  0.17000120150979703  0.18405205456638749  0.19852610123301673  0.21303612843180963
  0.22687819708491061  0.24021389788947003  0.25355131750328525  0.26675186803688089
  0.28038977998379261  0.29394368272518018  0.30700868898084360  0.32015066667785685
  0.33307840348334822  0.34586102893168558  0.35846273285678676  0.37184196801684621
  0.38575022056678027  0.39943760659356115  0.41239895873300403  0.42542962175783133
  0.43889963943508614  0.45246151784683131  0.46583348649716572  0.47927281985663339
  0.49243276502631222  0.50539648157299333  0.51816740053613708  0.53077589028526861
  0.54316815982796640  0.55499359164175610  0.56647690834128617  0.57795602852094619
  0.58959075219245272  0.60114362887901074  0.61259269544425321  0.62365441313946057
  0.63437978199247946  0.64481894300486209  0.65489923977761999  0.66521370401833058
  0.67578706353060281  0.68626501617644287  0.69676749017202921  0.70730495617923639
  0.71836070226011017  0.72845007386458016  0.73817383211271870  0.74735165121566749
  0.75645028962802519  0.76531891792470264  0.77442034347332955  0.78412133633416570
  0.79422897525154901  0.80446696152712349  0.81403512737918882  0.82305610652740391
  0.83191369045821573  0.84061941706546495  0.84906949968355672  0.85664781458806349
  0.86382800409907445  0.87081434090524157  0.87805872315842348  0.88551392925720129
  0.89278301264612236  0.90046806727323037  0.90783366476516625  0.91495758502884228
  0.92185990595149059  0.92869375415987321  0.93553577153638057  0.94213547241022932
  0.94801106562551629  0.95333277437986863  0.95815322579649342  0.96271116367233978
  0.96706304210167227  0.97154972855970423  0.97646904429976811  0.98109550460907802
  0.98578169817627137  0.99063263528633660  0.99546703648794943  1.00000000000000000
 -0.00241004119335624  0.01025714018583049  0.02038868483906313  0.03152706496012839
  0.04257380678009321  0.05311273898076109  0.06251727224836487  0.07228743316914370
  0.08229812458688177  0.09295045881361602  0.10389169730202819  0.11507045451483608
  0.12619500506405407  0.13791474156037314  0.14927442693268883  0.16047826551622890
  0.17066023901707006  0.17979385741455844  0.18861672291370088  0.19740150948777394
  0.20689803270328447  0.21706227316448512  0.22801057943366612  0.23915884411058283
  0.25001733036369655  0.26039522056314557  0.27125448335154484  0.28251330397836211
  0.29384683464267336  0.30479887350533719  0.31546171610246848  0.32603729408963472
  0.33659652405627344  0.34755379345199272  0.35865667121319761  0.36958382891416514
  0.38050160166377212  0.39134600726941876  0.40191822738921934  0.41232684467938985
  0.42300954977484251  0.43371958060303306  0.44414000349901261  0.45450594260334698
  0.46476509312259850  0.47486865773036818  0.48493580106021000  0.49542533610372258
  0.50656221381619182  0.51761528313635508  0.52861796064825750  0.53929814441873980
  0.54944444888724131  0.55933046160533395  0.56931593549251303  0.58022401899073872
  0.59151791245093477  0.60258385224747790  0.61316141637678279  0.62375410216354221
  0.63394217514557605  0.64501104208054871  0.65612491568869102  0.66769907476036783
  0.67784024321813108  0.68793369524586534  0.69837586277946084  0.70990705837542056
  0.72092385363134304  0.73122358269933563  0.74118400643057503  0.75110937274641576
  0.76055943605651755  0.77035758693716883  0.78084285223667838  0.79172468417805963
  0.80209950862557022  0.81200666478841443  0.82285246529145673  0.83449214626866131
  0.84601665169147067  0.85715709061224854  0.86800324185939515  0.87868608802009252
  0.88933162524400944  0.90008960453294529  0.91087555147178212  0.92154627536405731
  0.93144562193275326  0.94125602108028594  0.95121376462920115  0.96147069389844075
  0.97122946637058116  0.98067178088165052  0.98988818868838868  1.00000000000000000
 -0.00191175887748368  0.00787821900136675  0.01722675140726495  0.02700665470773161
  0.03700234226264570  0.04710430125965569  0.05648543738935129  0.06646037830129911
  0.07669696090329528  0.08741325810559367  0.09848961022033291  0.10872516863740722
  0.11898664892086505  0.12966007821227182  0.14108348593177170  0.15186985039380976
  0.16211688887728837  0.17246748188174213  0.18308223449811101  0.19363179456945853
  0.20341689157853884  0.21311130204205825  0.22314445632999438  0.23374720477628666
  0.24436830884524627  0.25521969379261999  0.26590897361696836  0.27650447188589028
  0.28693279271150002  0.29710364243945431  0.30686382060756184  0.31626152406188784
  0.32598550337232585  0.33591842693992130  0.34586243630182412  0.35583848526467132
  0.36610089160088771  0.37663028160539641  0.38718768374414581  0.39749046705031299
  0.40871624813021079  0.42027791594939401  0.43256295754146140  0.44434844641388016
  0.45633804287640617  0.46774526694768004  0.47941784605053223  0.49011164766111415
  0.50120767685010659  0.51235643740792136  0.52404241280776442  0.53558953911035267
  0.54658411718280220  0.55720548638546741  0.56788029648994376  0.57924702431971375
  0.59029601837440415  0.60131432009941832  0.61151536583333388  0.62209665851039919
  0.63297347464555043  0.64350260216318844  0.65388685824699155  0.66401371378208940
  0.67453331972581876  0.68528169683319351  0.69586799768541008  0.70621240452907486
  0.71654516175564953  0.72692422390267786  0.73688897896393502  0.74654904776438824
  0.75646538639513550  0.76739064468688534  0.77857495080647898  0.78976593467296108
  0.80010661794395432  0.80985910325164956  0.81882003556580840  0.82791944932887962
  0.83750024579270932  0.84731340062638938  0.85720656651933691  0.86680796153777817
  0.87650887136688937  0.88649134991748180  0.89724134935321687  0.90848544896891026
  0.92042334844087770  0.93195695026245318  0.94331203402964692  0.95484967551612854
  0.96706178143477406  0.97885997375787737  0.98964169215539155  1.00000000000000000
  0.23245282688257179  0.32217349543033852  0.33524398319108784  0.34587718557091118
  0.35543972823720038  0.36703996704107439  0.37746995513727033  0.38747991467950499
  0.39682286124182231  0.40554106488929342  0.41543591390005447  0.42617315010858758
  0.43713545030942591  0.44670348070606652  0.45547432975702856  0.46337827087562417
  0.47156720752842640  0.47884020844954645  0.48558015439693963  0.49267740334966786
  0.49976142327119349  0.50646661435480178  0.51295685239943456  0.51881097489789840
  0.52410445098901326  0.52936920125001696  0.53474265348232108  0.54066401936261399
  0.54711657704369498  0.55325529479249336  0.55930245451842719  0.56521227379136529
  0.57126712177859718  0.57794782084392859  0.58517184252316279  0.59267752486812164
  0.59975185913266371  0.60657551565890833  0.61336807481790867  0.61983686812638594
  0.62647849532262256  0.63327579870268547  0.64022996142366706  0.64750257970571878
  0.65486385179928697  0.66202890118707913  0.66898138942200835  0.67578794456242353
  0.68281351956173642  0.68987770108965085  0.69691063777302242  0.70380021761488509
  0.71048091076411979  0.71675502034949323  0.72310211059767371  0.72932932427690012
  0.73552123295076066  0.74165379067024639  0.74804902959804742  0.75426169147284972
  0.76047596715495580  0.76671236664389952  0.77302004857049056  0.77941299213545023
  0.78591560479581868  0.79240905641819748  0.79869821817581965  0.80477334031920544
  0.81097397306122765  0.81757688640757720  0.82428990372827604  0.83073507082200793
  0.83689399983052470  0.84294066883224306  0.84902954996902935  0.85533610143367877
  0.86178353372934891  0.86826607922338661  0.87478433564342672  0.88135000279363884
  0.88812079750119344  0.89479321898991993  0.90123660076420209  0.90754486179709237
  0.91379897559623424  0.92025593152315455  0.92687465774441036  0.93372869666670200
  0.94095837250471415  0.94827391817986550  0.95556596522015436  0.96298909465491767
  0.97084902868555878  0.97930547931154199  0.98907718336580019  1.00000000000000000
 -0.00123923073338922  0.05443805934109774  0.07920147099781720  0.10005739797956356
  0.11426331407345083  0.12425396571021498  0.13339861141110504  0.14168951858935594
  0.15015998647977752  0.15814982633522065  0.16594816080349584  0.17400090249777178
  0.18207847177102426  0.19024464468436486  0.19808431790625908  0.20558642517844836
  0.21266559921275383  0.21938952042947024  0.22601850937061152  0.23248395189833365
  0.23865905572260776  0.24489160682079342  0.25128251713714911  0.25801050000643821
  0.26459878400620274  0.27117522544114553  0.27794734469990451  0.28484853385878883
  0.29182277191769229  0.29872394488799164  0.30536171977700100  0.31178891180416773
  0.31814104568921914  0.32442176271140249  0.33082882462537627  0.33664577694691578
  0.34231998598746799  0.34812133822064711  0.35403518289312919  0.36041151394387289
  0.36698170665994162  0.37314929050551393  0.37938418428428189  0.38556972038533288
  0.39192346195793765  0.39853636560918032  0.40527616970113234  0.41174150380769398
  0.41836451564347238  0.42502022283718344  0.43190111762440275  0.43879070994976621
  0.44564830237089847  0.45268647910943494  0.45982599433219024  0.46730237643155537
  0.47460467027921327  0.48180005481901844  0.48912451983074351  0.49618507298749570
  0.50354505033963792  0.51102004984710192  0.51880133486767555  0.52638501738681320
  0.53381077874501937  0.54141244993162929  0.54921195591847249  0.55731606089593966
  0.56562176424374844  0.57419666400864899  0.58303237679225473  0.59202120498135313
  0.60110696008004927  0.61064081312439644  0.62000284047384879  0.62895527955534691
  0.63761139471794348  0.64734498290546449  0.65757012419698779  0.66746127955895385
  0.67776008057076875  0.68882764759516057  0.70073932110466675  0.71300008740250509
  0.72570973224682545  0.73754150939199636  0.74891047607463357  0.76002622554324140
  0.77205976989727532  0.78456558648444852  0.79845862873883700  0.81412357179403894
  0.83102675014761118  0.85055106048105122  0.89380289525731826  1.00000000000000000
   5.4284233387848521E-005  -1.0000000000000000     
 F F F F F F F F F F F F F F F F F F F F F F F F F F F F F F F F F F F F F F F F F F F F F F F F F F F F F F F F F F F F F F F F F F F F F F F F F F F F F F F F F F F F F F F F F F F F F F F F F F F F F F F F F F F F F F F F F F F F F F F F F F F F F F F F F F F F F F F F F F F F F F F F F F F F F F F F F F F F F F F F F F F F F F F F F F F F F F F F F F F F F F F F F F F F F F F F F F F F F F F F F F F F F F F F F F F F F F F F F F F F F F F F F F F F F F F F F F F F F F F F F F F F F F F F F F F F F F F F
  <DiscreteSampler_grid>
  grouped_processes
  1 # 1 for a reference and 2 for a running grid.
  10 # Attribute 'min_bin_probing_points' of the grid.
  1 # Attribute 'grid_mode' of the grid. 1=='default',2=='initialization'
  0.0000000000000000 # Attribute 'small_contrib_threshold' of the grid.
  0.5000000000000000 # Attribute 'damping_power' of the grid.
 # binID   n_entries weight   weight_sqr   abs_weight
    19   10   1.347787862591642E+001   6.084262752603370E+002   1.347787862591642E+001
    20   10   1.347787862591641E+001   6.084262752603378E+002   1.347787862591641E+001
    22   10   3.349728542824006E+000   3.726850753202244E+001   3.349728542824006E+000
    23   10   3.349728542824001E+000   3.726850753202245E+001   3.349728542824001E+000
    25   10   1.393499381028544E+001   6.277891630774313E+002   1.393499381028544E+001
    26   10   1.393499381028542E+001   6.277891630774319E+002   1.393499381028542E+001
    28   10   3.462945160975401E+000   3.934297048617971E+001   3.462945160975401E+000
    29   10   3.462945160975397E+000   3.934297048617972E+001   3.462945160975397E+000
  </DiscreteSampler_grid>
