 -0.00356045810164836  0.01714160531013280  0.03233214509751298  0.04557825056898700
  0.05847288782714376  0.07072038881097799  0.08259033957200290  0.09434006588132804
  0.10591422835360098  0.11718879293421679  0.12836753705948997  0.13943688908927121
  0.15023375471719527  0.16097723518427323  0.17187480342940442  0.18316579899471866
  0.19461743740836510  0.20606717763940816  0.21722069700593485  0.22823560105571289
  0.23923845876219535  0.25028222406301043  0.26122988838459055  0.27219430960367436
  0.28346802045690578  0.29452933549553972  0.30509768060939407  0.31550124322628248
  0.32615088052674046  0.33694445545844015  0.34778663475879668  0.35884328404659926
  0.36995721275227622  0.38065478537624003  0.39105036548728400  0.40168217197466466
  0.41227228403739824  0.42294513624482505  0.43354787280570350  0.44427429815710673
  0.45503780047708137  0.46582852080744430  0.47658997406660181  0.48714298290874142
  0.49760421350812589  0.50807135420691862  0.51863817828328806  0.52951456126631968
  0.54059769637334820  0.55177267080390757  0.56282033389605157  0.57373254784262639
  0.58444561657678140  0.59475918482683943  0.60493989367282885  0.61512756084183162
  0.62544136655873339  0.63578193937608019  0.64618712323507310  0.65670826021416162
  0.66710447824656993  0.67736678517934701  0.68771536318703563  0.69832091169288002
  0.70898410963741487  0.71955529836512078  0.72991546922306050  0.74020029222029426
  0.75035312981723823  0.76070015844221572  0.77101770514589052  0.78132770258798223
  0.79146051446716403  0.80168461224945198  0.81203978804184462  0.82246969218456678
  0.83279673295785483  0.84306354710381892  0.85309560461017120  0.86299025981471800
  0.87266752400210057  0.88252252448700497  0.89250630343650805  0.90244447401159844
  0.91212664173610380  0.92174631858559264  0.93130064649669275  0.94082970849252101
  0.94999164753274268  0.95859005733701896  0.96664650000854724  0.97428076515846862
  0.98135971053203164  0.98793215251281763  0.99411239180111710  1.00000000000000000
  0.00000265654266125  0.00000291733401684  0.00000312288634025  0.00000333538224947
  0.00000355565690502  0.00000378245988456  0.00000401629545284  0.00000425877938745
  0.00000451163073243  0.00000477362595888  0.00000504146792609  0.00000532382211015
  0.00000561611774858  0.00000591372479058  0.00000623127747735  0.00000654625834823
  0.00000687473225278  0.00000721601237859  0.00000756801301423  0.00000793686750248
  0.00000832839978225  0.00000873492420730  0.00000914585328738  0.00000958566231443
  0.00001003614171241  0.00001049468349315  0.00001098557221039  0.00001150194959523
  0.00001203339559178  0.00001259200756741  0.00001319825152825  0.00001382049624959
  0.00001448019340614  0.00001520068949774  0.00001595551190065  0.00001674827742646
  0.00001761139407708  0.00001852767688956  0.00001948823569278  0.00002053213057996
  0.00002165920589812  0.00002278156588730  0.00002416835450145  0.00002554622288956
  0.00002712623860075  0.00002882985172410  0.00003064555447736  0.00003271486015797
  0.00003489634601556  0.00003738115181372  0.00004000044099001  0.00004298380252657
  0.00004620362954087  0.00004979821436126  0.00005365353568770  0.00005797285732338
  0.00006263694751591  0.00006781284703147  0.00007345365292432  0.00007980235889386
  0.00008682384345904  0.00009456217645101  0.00010290957214905  0.00011156404625853
  0.00012116485699298  0.00013185065518431  0.00014407943359167  0.00015731440546808
  0.00017141036564892  0.00018653213860389  0.00020303118972307  0.00022142229771602
  0.00024112581439251  0.00026275094220755  0.00028488549795076  0.00030750814953703
  0.00033126693958903  0.00035812833629108  0.00039495333285204  0.00044431439754917
  0.00049870794678856  0.00057161333950824  0.00063674869007155  0.00069228664276403
  0.00074969030188150  0.00081812201231672  0.00091623063103448  0.00100948752603535
  0.00111955159688752  0.00145810295244879  0.00175273975156002  0.00197878080200045
  0.00228912940828360  0.00301684330685855  0.00564332182134766  1.00000000000000000
 -0.00188998714461054  0.01194155739326088  0.02349524821011310  0.03501765005238311
  0.04645668051939668  0.05732398322376323  0.06778591023573648  0.07795208676526348
  0.08826218252097423  0.09868137961211502  0.10920975067486327  0.11974775725872044
  0.13044210046493310  0.14139595273348030  0.15229686958939900  0.16319988808018482
  0.17424706464709100  0.18550724363705837  0.19683466437409566  0.20812292336599678
  0.21952237298190580  0.23112685605435565  0.24270656512026978  0.25427651089612330
  0.26596474917497198  0.27798563922349262  0.29011263480758320  0.30212142270720721
  0.31405936486373504  0.32601858530014749  0.33792070412671299  0.34987165379245372
  0.36192034638843096  0.37399884361600227  0.38585900282558400  0.39765909568883884
  0.40954626049108639  0.42170556903820855  0.43388385491426379  0.44638469094283406
  0.45883064396629397  0.47099851900723355  0.48294580137372090  0.49511341322899149
  0.50693443005847383  0.51868566976528629  0.53035909563750805  0.54203106615412922
  0.55350053693079260  0.56528272780242295  0.57720993177714197  0.58909913271348568
  0.60100605283783548  0.61236282068898629  0.62337235867621033  0.63422468616646221
  0.64531625066776632  0.65603684564168285  0.66670764963487994  0.67723623318397108
  0.68742766877249062  0.69742324551954804  0.70735152145418678  0.71765874604875746
  0.72797873380663725  0.73820965193958710  0.74816788734817241  0.75798137382450859
  0.76764958607326739  0.77701244677210046  0.78634683251402426  0.79539977717494170
  0.80470856492486686  0.81381935436389718  0.82299469348373600  0.83196925951055711
  0.84093631656733703  0.84974001362187768  0.85867233595798420  0.86747272316433643
  0.87615250706054770  0.88457127650547351  0.89288413967971691  0.90115340976206348
  0.90942198591041012  0.91775496604105389  0.92612363182876511  0.93441183272526596
  0.94256454498150144  0.95066302923369861  0.95877757657372564  0.96697831688598879
  0.97514449821171856  0.98343936256506248  0.99162549900775554  1.00000000000000000
 -0.00258612016627232  0.00972961779685564  0.02025704202301676  0.03083688761941851
  0.04181173874494126  0.05286629310529455  0.06395273066379895  0.07492793465133145
  0.08567845131037512  0.09652473749927169  0.10680276324731858  0.11695090880990533
  0.12678950104279713  0.13695774453921439  0.14742025988552723  0.15810633516617903
  0.16895701666273646  0.17983658878173731  0.19068231168568750  0.20090728326952459
  0.21129192235946748  0.22182637709129671  0.23263299195723541  0.24285815279366574
  0.25294045363975082  0.26294774679946137  0.27313720861177981  0.28327077422137997
  0.29347951756077922  0.30388914916198317  0.31429071583980744  0.32463158401694520
  0.33474978672890970  0.34492224051049658  0.35517858370070765  0.36521263148980909
  0.37528611593669964  0.38552372478502728  0.39574333291604724  0.40593684896615662
  0.41590560462957604  0.42645181847728564  0.43740910539588240  0.44848691305895871
  0.45940435512316607  0.47020523997376379  0.48100255829469413  0.49155619783432286
  0.50192850416630364  0.51237655718859609  0.52294819230357903  0.53340215681419012
  0.54378749230889467  0.55411076012573190  0.56445776283964422  0.57518714173164487
  0.58570178224679315  0.59643828227030948  0.60704972096806609  0.61812035599631132
  0.62891765611420292  0.63926013410779403  0.64953410704322423  0.65984339622509713
  0.67018001887271328  0.68075506051083079  0.69160625958165722  0.70269517408204074
  0.71372517601582031  0.72443496353731696  0.73523413616925792  0.74572502084311831
  0.75608745651230180  0.76614775172090488  0.77637000865218586  0.78680518811000322
  0.79731172288444940  0.80800347080490076  0.81889667275217681  0.82984287724625716
  0.84103804396920123  0.85208816232450579  0.86280589274805675  0.87338855803347504
  0.88391788747234301  0.89463143978320903  0.90490864192728238  0.91508889961542073
  0.92540572063237914  0.93606923052498436  0.94693182900025852  0.95793939301774012
  0.96850798290912432  0.97939327097245898  0.98968685722732308  1.00000000000000000
 -0.00222885662649758  0.00870605922353120  0.01815762000057323  0.02873817704302344
  0.03908883780147373  0.04991651822553162  0.06054415480710321  0.07123669336814190
  0.08189275225634751  0.09254823299435321  0.10316552897186000  0.11390323780131555
  0.12448304353359828  0.13507679885602936  0.14593714463060586  0.15706705971767115
  0.16804624139166249  0.17830598498140685  0.18844731448876464  0.19843678581022242
  0.20855329759453528  0.21910971718083497  0.22961327155166728  0.24031781421531423
  0.25045576186648277  0.26119094753470579  0.27184933129788197  0.28224659213594788
  0.29249672799227006  0.30283359489184836  0.31360215381027567  0.32451395948403899
  0.33542723948171094  0.34624920924283675  0.35672338825257793  0.36723991637749209
  0.37794139367779844  0.38872145379524453  0.39931493641240656  0.40926821293777660
  0.41942863560934274  0.42941265338755807  0.43978676792602278  0.45005964728373188
  0.46028982754208780  0.47072499967981252  0.48119824222029156  0.49190658129104109
  0.50240232655361972  0.51289878232784658  0.52317253371793671  0.53350947415469430
  0.54368010999479188  0.55415930735397068  0.56484602171999687  0.57589417094704753
  0.58686427387113294  0.59784316709495611  0.60878708285014937  0.61985841346439541
  0.63068528901700316  0.64131377712177073  0.65181216786361618  0.66227523027395085
  0.67263528426291119  0.68293745690277585  0.69339015454473285  0.70398318371739554
  0.71480699249785229  0.72580020656917821  0.73702345517744139  0.74818361850827619
  0.75915951632610723  0.76981714778677124  0.78012307495902011  0.79048415535285865
  0.80077169624510824  0.81114363950651569  0.82123316047116046  0.83133361768994729
  0.84159958605958873  0.85206137020383554  0.86258989519375173  0.87305386943941643
  0.88276281675381396  0.89241840136301076  0.90250469127588484  0.91276502737660048
  0.92333403532120628  0.93393335432715130  0.94490910540080864  0.95612365343131989
  0.96702547560206742  0.97817885711741159  0.98901532355978305  1.00000000000000000
 -0.01370653148727536  0.10698849817679564  0.20755839354388605  0.40101011780278772
  0.41368936875400070  0.42541694626443721  0.44373645462186639  0.46598516993560002
  0.47960046566284653  0.48869317443126375  0.49362062459197015  0.50060161174110551
  0.50882688899765416  0.51666167545596409  0.52289500799625233  0.52824091720564603
  0.53325039353275050  0.53817513651017879  0.54250937808803790  0.54630214257144927
  0.54987080424163282  0.55342180453275103  0.55700750610623861  0.56056761761663743
  0.56408310779223114  0.56758471988681203  0.57117303350315096  0.57470231934542038
  0.57820305459787324  0.58172255846059318  0.58526496598236610  0.58885504597329053
  0.59249411158018450  0.59612390891525147  0.59980089617198207  0.60359367875737313
  0.60746936436679988  0.61138965514100019  0.61529154449782120  0.61923467593852644
  0.62323587150386894  0.62730618339142352  0.63145694884290260  0.63566894763705240
  0.63989935002312215  0.64413405056660578  0.64837559006696621  0.65262974320131129
  0.65694519081231617  0.66125234199273220  0.66565248692388168  0.67013272240560839
  0.67466233948684751  0.67923302813604003  0.68382236965483523  0.68847474209442239
  0.69324702346130584  0.69811513245770118  0.70292758698664215  0.70778892207611466
  0.71274348755202832  0.71777470041324098  0.72288508062344770  0.72803063702943915
  0.73339448699360765  0.73893465453277929  0.74455378666642014  0.75025102894746254
  0.75604651911227772  0.76190125518665464  0.76784362790796878  0.77397268623851756
  0.78024342533404079  0.78650919596783653  0.79286989175134426  0.79956365884011849
  0.80638367530301802  0.81331446701258980  0.82053564683219282  0.82792564135848379
  0.83561401369184896  0.84348427155252781  0.85144942878625263  0.85956754392732282
  0.86795798325286055  0.87660531854114132  0.88560825465376647  0.89472633936656154
  0.90409454056042882  0.91398358208571895  0.92460364766276071  0.93626268969291371
  0.94861798170164979  0.96223536350234751  0.97884867316497814  1.00000000000000000
 -0.00798854887509684  0.17089581088793188  0.20262966872611646  0.22430480670617470
  0.24297391422601816  0.25939563441918179  0.27370591890122947  0.28686804535085825
  0.29928403093690259  0.31105104339092482  0.32204974950309084  0.33241651452806353
  0.34221866364859066  0.35167051612533623  0.36083093302541563  0.36982156522728843
  0.37844924278804276  0.38676046306846162  0.39492976672373925  0.40291312958945230
  0.41073750867976760  0.41842198245346635  0.42603068630102275  0.43351360109479414
  0.44081468739021723  0.44809262680979906  0.45542074917279068  0.46267757364620027
  0.46985265187210096  0.47686574250320607  0.48368537951020307  0.49044060474912016
  0.49717814544738576  0.50393690150130477  0.51060635143300481  0.51722390240559724
  0.52382635972168334  0.53032858563424989  0.53678640678841671  0.54317513708515053
  0.54944508988756158  0.55567322561560151  0.56192162674063695  0.56815260863174688
  0.57434667377733051  0.58048945968017840  0.58639814479696295  0.59213008211109375
  0.59761646243200273  0.60325401184189997  0.60865368245180307  0.61414807200333577
  0.61962466380734671  0.62515212278233290  0.63066733210615311  0.63620929424827144
  0.64164437792774931  0.64706395514017145  0.65255967446511098  0.65801103906290503
  0.66350832768082668  0.66896076120661940  0.67437286446839217  0.67985794074424832
  0.68523706142500884  0.69046022151367348  0.69558590196932824  0.70070865776566738
  0.70591866491249100  0.71116954877264271  0.71635556846982429  0.72142928677158991
  0.72636021130624828  0.73133878760908344  0.73660021913256257  0.74192994859920114
  0.74754447678441294  0.75313357203864484  0.75875754223430392  0.76423304686031024
  0.76932770943529150  0.77467094416174109  0.77996405374300115  0.78539193601820112
  0.79097900109888664  0.79622308498831684  0.80091671244041907  0.80540257022663997
  0.81043739745080101  0.81626006559685105  0.82384570846238525  0.82790995871312245
  0.83257568638492740  0.84576392108724963  0.86322118386143898  1.00000000000000000
   1.7328357800095358E-003  -1.0000000000000000     
 F F F F F F F F F F F F F F F F F F F F F F F F F F F F F F F F F F F F F F F F F F F F F F F F F F F F F F F F F F F F F F F F
  <DiscreteSampler_grid>
  grouped_processes
  1 # 1 for a reference and 2 for a running grid.
  10 # Attribute 'min_bin_probing_points' of the grid.
  1 # Attribute 'grid_mode' of the grid. 1=='default',2=='initialization'
  0.0000000000000000 # Attribute 'small_contrib_threshold' of the grid.
  0.5000000000000000 # Attribute 'damping_power' of the grid.
 # binID   n_entries weight   weight_sqr   abs_weight
    13   10   1.822470108336846E+006   5.966675545598659E+012   1.822470108336846E+006
    14   10   1.822470108336845E+006   5.966675545598659E+012   1.822470108336845E+006
    16   10   2.387085812224283E+006   1.017655033166236E+013   2.387085812224283E+006
    17   10   2.387085812224283E+006   1.017655033166236E+013   2.387085812224283E+006
  </DiscreteSampler_grid>
