  0.00000011259033959  0.00000018396609870  0.00000022562037821  0.00000027660658149
  0.00000033566996559  0.00000040897109214  0.00000049910436505  0.00000060933212739
  0.00000073844101427  0.00000089514113254  0.00000109376998685  0.00000133387782311
  0.00000158498162928  0.00000186651144018  0.00000221046496924  0.00000263635747067
  0.00000312669747077  0.00000369835226339  0.00000436162171103  0.00000512103280432
  0.00000597565078453  0.00000696706689583  0.00000813215017938  0.00000946442550202
  0.00001092411513535  0.00001253004445686  0.00001430116653273  0.00001633721745954
  0.00001869315238370  0.00002132150352240  0.00002435053759529  0.00002749816923926
  0.00003051818934293  0.00003335182067616  0.00003646118172552  0.00003983654837755
  0.00004385546209559  0.00004839780167796  0.00005357712252249  0.00005930603103778
  0.00006509407803126  0.00007122568313607  0.00007845854138426  0.00008678412266065
  0.00009582994672227  0.00010573001521010  0.00011648587428051  0.00012919743679103
  0.00014339489551083  0.00015693559927776  0.00017293084896407  0.00018896777704993
  0.00020688377013647  0.00022777252088645  0.00024940649276827  0.00027269012397522
  0.00029688486280806  0.00032251140972434  0.00035269176166440  0.00038443759157263
  0.00041839267930686  0.00045309288922847  0.00048764923363219  0.00052598217951425
  0.00056494666652647  0.00060810751987223  0.00065600836163417  0.00071138794149233
  0.00077310621021135  0.00083766819486577  0.00091764132867000  0.00100895362664125
  0.00109914522842746  0.00118475353280734  0.00129058767333339  0.00140023434974509
  0.00151294223811862  0.00164260020940763  0.00178885423131580  0.00193942290251863
  0.00209077147686148  0.00222384862766021  0.00235133008043873  0.00250157856872870
  0.00268093781451324  0.00303660736282357  0.00338530892004155  0.00370366546292651
  0.00393686556755936  0.00413921219409123  0.00465579328556167  0.00552836322962545
  0.00697603574435466  0.00944672455348381  0.01665564219807934  1.00000000000000000
  0.00000286834292063  0.00000316917751325  0.00000331296369364  0.00000346605782411
  0.00000361461575981  0.00000377838714939  0.00000394950472509  0.00000413125956793
  0.00000433768242555  0.00000455508610926  0.00000476980923216  0.00000498986007425
  0.00000523376371573  0.00000550721150237  0.00000580162152035  0.00000613257169769
  0.00000648504867227  0.00000686198381651  0.00000727961999333  0.00000767975803230
  0.00000807921681417  0.00000851100264587  0.00000894197610707  0.00000944240279284
  0.00000999598178640  0.00001056410015650  0.00001121195775396  0.00001187540997219
  0.00001259849180429  0.00001339066498864  0.00001423404021190  0.00001516795953470
  0.00001611976922508  0.00001711949510192  0.00001819704773863  0.00001936140633622
  0.00002065857266697  0.00002200898641181  0.00002345330309843  0.00002497566809813
  0.00002660641450424  0.00002844945360701  0.00003044612874015  0.00003263964045945
  0.00003496854798650  0.00003752521941911  0.00004040589656193  0.00004352116471257
  0.00004682647967734  0.00005063303315606  0.00005491014426207  0.00005965763970648
  0.00006432070723079  0.00006951132399904  0.00007519423316212  0.00008139324300664
  0.00008769084007698  0.00009446243356008  0.00010198902868948  0.00011134741450383
  0.00012204736940984  0.00013363569177717  0.00014636196516186  0.00015836832767114
  0.00017077615053871  0.00018346938557470  0.00019924564574932  0.00022033382819044
  0.00024381557720446  0.00026838588324175  0.00029383464214609  0.00032558411384888
  0.00036502988460741  0.00039974243268949  0.00043213529710408  0.00046580335967728
  0.00051233116538671  0.00056102581776830  0.00060657413075863  0.00065378733107904
  0.00071038029771904  0.00077222655195149  0.00082783107328670  0.00089812475246165
  0.00100892692168755  0.00116591397236370  0.00130406763673061  0.00142643092125652
  0.00153170820888419  0.00171859765353167  0.00194964785451600  0.00249632965518832
  0.00341851843681612  0.00644662071832350  0.01693474498144969  1.00000000000000000
  0.00000242994544568  0.00000264476775922  0.00000293500715633  0.00000322644347541
  0.00000352541082374  0.00000383274518198  0.00000418544999536  0.00000453535154862
  0.00000488102750676  0.00000523350618862  0.00000560280466133  0.00000600336551262
  0.00000643098716177  0.00000685857819194  0.00000729843958523  0.00000773921087117
  0.00000821991982770  0.00000872924521929  0.00000928154027168  0.00000985009692330
  0.00001042930371561  0.00001105452095711  0.00001174128532628  0.00001249138551870
  0.00001330434710594  0.00001417166860143  0.00001509575961728  0.00001610101798064
  0.00001715671184916  0.00001822982773120  0.00001928963157679  0.00002036688542762
  0.00002155478404912  0.00002280866182881  0.00002420777879460  0.00002571178899302
  0.00002735122959009  0.00002910961297274  0.00003080577876325  0.00003249020513281
  0.00003435295248318  0.00003634684966891  0.00003884282156279  0.00004176839427461
  0.00004473310711711  0.00004776696258615  0.00005094505383870  0.00005432973032047
  0.00005814819345472  0.00006191269787286  0.00006608930652086  0.00007062574437057
  0.00007591974822958  0.00008203164256822  0.00008847032326669  0.00009528107965615
  0.00010249783165602  0.00010996934597561  0.00011770833398829  0.00012643666669804
  0.00013604921274558  0.00014633033754792  0.00015668511721148  0.00016824181245809
  0.00018122501634505  0.00019641455320497  0.00021404781311790  0.00023449011926357
  0.00025928552446251  0.00028574553528415  0.00031296175827910  0.00034106204611945
  0.00036707952792100  0.00039547601262217  0.00042837716877686  0.00047003728614239
  0.00052273354294110  0.00057959276512360  0.00063873086493390  0.00069731893928403
  0.00075421324436294  0.00081047475987890  0.00087612706458155  0.00095722962216684
  0.00106355675120959  0.00120298767973888  0.00135657038595304  0.00150618157338227
  0.00162083604323563  0.00175486351406101  0.00189320745478302  0.00204968307267915
  0.00224389729261852  0.00266512027917709  0.01100741313147049  1.00000000000000000
 -0.00220278193524766  0.00851228810263390  0.01895258190365135  0.02818091152265814
  0.03786599148736629  0.04852769089930555  0.06021456244035156  0.07312893097537250
  0.08575202553232807  0.09763794945918913  0.10790937044184921  0.11712026399822892
  0.12579113820360135  0.13503420626152529  0.14458865351032543  0.15543015359730866
  0.16673037553031850  0.17869749127099935  0.19035709187378741  0.20134769670594999
  0.21255750719842786  0.22384618331058365  0.23512919680834332  0.24559128158636054
  0.25611423532002819  0.26647208774581788  0.27670721273396426  0.28736035644524194
  0.29792049411587052  0.30872169935456434  0.31927633545163392  0.32969538195886594
  0.34035126938103644  0.35139637819510783  0.36294191523500485  0.37442917544010407
  0.38552605475864249  0.39682917475011575  0.40856383355645248  0.42050032227134843
  0.43245032423309404  0.44306306863680334  0.45317082019202432  0.46325718114412096
  0.47208940668367355  0.48293703294151308  0.49219143181724645  0.50257357512154188
  0.51275500037472355  0.52367830488941025  0.53506918227601541  0.54619122220821847
  0.55641072064775710  0.56666702643593536  0.57737936354173403  0.58928453257377000
  0.60174791459889809  0.61327010570724261  0.62390127867609013  0.63413785439847947
  0.64473735063508164  0.65582027035364610  0.66679614970633516  0.67771147137302989
  0.68873690353005523  0.69948910102954986  0.71076259758932303  0.72173957274397726
  0.73255646861644907  0.74199329473284525  0.75130836405885992  0.76012168594406160
  0.76898577684340619  0.77762522483709751  0.78654314704750083  0.79576493741484278
  0.80452801547517550  0.81329269144455862  0.82226201704479462  0.83172952282534007
  0.84167997643625903  0.85172567422124656  0.86164782872617796  0.87128010423801017
  0.88138764945839654  0.89117604911977777  0.90195801360467054  0.91202788152942271
  0.92165083631480060  0.93120683030134643  0.94173937808874852  0.95286281316439814
  0.96416991582312817  0.97524364693124332  0.98742545363746981  1.00000000000000000
 -0.00226964942417505  0.01020285226979314  0.02060516646011920  0.03183829293985128
  0.04272614699130929  0.05291915945545606  0.06319248327730172  0.07419622023409977
  0.08561986577246601  0.09544919986874101  0.10417942865516328  0.11303294544984586
  0.12237925104609199  0.13188637246027329  0.14112434848296204  0.15086614620177452
  0.16092283740035723  0.17129052502614375  0.18175859788259463  0.19266439688723808
  0.20369300285587169  0.21371885387943768  0.22311109595431391  0.23259164853523867
  0.24303605780373125  0.25406260608236625  0.26474023210458031  0.27508649984333605
  0.28477440337717519  0.29372576978156029  0.30257228701383565  0.31194014815563847
  0.32287876664216830  0.33432359861257560  0.34552291811803282  0.35691913926445001
  0.36830808226454065  0.37872118326662085  0.38816381766676744  0.39764550062565207
  0.40777015183467330  0.41812421120006876  0.42755539648455815  0.43645627475645704
  0.44563220952649574  0.45564887460676312  0.46700073494639815  0.47854072229588540
  0.49012114987214528  0.50140716900238758  0.51254522720972895  0.52373376297422458
  0.53442883529426022  0.54389613550265292  0.55347240968226719  0.56319706915605061
  0.57391216794650513  0.58495869752078911  0.59572071893421619  0.60589814114746399
  0.61568633999185174  0.62553059630348273  0.63587194435697547  0.64695391095318344
  0.65825647164055257  0.66968344212784359  0.68089946197613604  0.69178525295801163
  0.70307020397647080  0.71501695859749237  0.72659570640632587  0.73754043462800312
  0.74837189103259960  0.75948653262912680  0.77132983467099492  0.78363175368228510
  0.79550689088069626  0.80634171195445603  0.81621853786873322  0.82562664510977468
  0.83495398390328823  0.84474164048346456  0.85545874708083913  0.86691666407719936
  0.87808543701579833  0.88835158138620163  0.89833389922369511  0.90892923521685609
  0.92046934377477829  0.93328421870513900  0.94569602025382871  0.95759454714352155
  0.96879733214755193  0.97955645784480250  0.99013962586996596  1.00000000000000000
 -0.00230347815071150  0.00860107651113351  0.01777504831107820  0.02839656716400836
  0.03898833049568680  0.04945196778826842  0.05963018298603956  0.06929809365066379
  0.07944187528926909  0.08999925894351236  0.10154562403820692  0.11278928483306407
  0.12371572969961411  0.13475942160179141  0.14564775641752656  0.15613425573197140
  0.16713115766990091  0.17882514464165983  0.19024295441089897  0.20074463511289375
  0.21151969856330574  0.22295496905712342  0.23389462489978180  0.24454006875477965
  0.25450246537540860  0.26450969075852221  0.27418168530502196  0.28459386042048829
  0.29508272161980054  0.30554804055651535  0.31471291070214241  0.32410416835206196
  0.33392897122305892  0.34498345965133453  0.35589207978721682  0.36622863223588659
  0.37670663741506533  0.38806657436151237  0.40052763097633948  0.41223350913892254
  0.42275798997667863  0.43264253722512536  0.44272747592765282  0.45244197421039467
  0.46157377555336648  0.47122436795792294  0.48133902065591450  0.49229752165587182
  0.50241420936876646  0.51177615571444335  0.52130017029275211  0.53101318715820955
  0.54073795044770590  0.55071454178002111  0.56131729018805532  0.57245929270916751
  0.58337508245418879  0.59311380062569630  0.60222677216381215  0.61170568216782018
  0.62137144087328922  0.63121001575021674  0.64115859788607987  0.65141044785288404
  0.66288867725209566  0.67408676341031548  0.68462870988603297  0.69481313654128629
  0.70504917209193640  0.71555201044869488  0.72568926431650072  0.73516910267852742
  0.74524698822752300  0.75585090175520919  0.76764149414122751  0.77879470499463455
  0.78853023772419084  0.79827198782757913  0.80868286247281573  0.82048498763747768
  0.83245465307164268  0.84413826794540614  0.85555437291550041  0.86716404895550236
  0.87885317259616780  0.89079712354359253  0.90197256219181732  0.91249804751989594
  0.92305899262448166  0.93341973719525739  0.94401755143478039  0.95477760622433283
  0.96612517172553347  0.97819655140580442  0.98907115704792603  1.00000000000000000
 -0.00007799661353625  0.00012068614834276  0.00031943076572397  0.00051830091252823
  0.00064271521207864  0.00074279610263907  0.00084630028528286  0.00094409257514201
  0.00104024143344456  0.00114039678579502  0.00123716738566326  0.00133064644493413
  0.00141647884958845  0.00150008652476287  0.00158886208935638  0.00167863860523867
  0.00177415631689209  0.00187271069996619  0.00198484472155235  0.00208673345113740
  0.00218287956366660  0.00227603835445141  0.00236606188503687  0.00245148931199797
  0.00254055928577520  0.00263166163130811  0.00272842545316761  0.00282963233980387
  0.00294121502204159  0.00305142719233938  0.00315592031067904  0.00325112479408256
  0.00333981355462317  0.00342570522687954  0.00351324744392594  0.00360234057915890
  0.00372324368631969  0.00383883039030741  0.00394722044226023  0.00405678189222964
  0.00416722995956101  0.00428291236945962  0.00440092713100197  0.00456801009007622
  0.00472297339861250  0.00488535781504516  0.00503004134869718  0.00515467640002410
  0.00527179107984805  0.00539486412954259  0.00553721694425658  0.00565052695709297
  0.00572882666419956  0.00579919099359644  0.00586734046823702  0.00593265470496027
  0.00599700900010265  0.00607669004701482  0.00617476684550271  0.00640633434263456
  0.00658626337851602  0.00675630223397704  0.00689806199016681  0.00703827278051178
  0.00717642344637012  0.00738784070198727  0.00764427349948744  0.00786006968834948
  0.00803726554988938  0.00821795710642245  0.00842992013482844  0.00872854798186814
  0.00892730813412505  0.00912578541979734  0.00932118917426853  0.00965143574611797
  0.00998436115117208  0.01035086386664177  0.01086609436086815  0.01155736278054991
  0.01285220410505475  0.01375256511576052  0.01426323879863020  0.01466597493096939
  0.01504269665155893  0.01540214856942898  0.01567418977078948  0.01589938789935037
  0.01610493920316870  0.01633176052839899  0.01669547318533866  0.02360151320670227
  0.03021904706570084  0.03382548398185017  0.04681549945754610  1.00000000000000000
 -0.00239167135455621  0.00990103372845987  0.01867237515924045  0.02728874912163768
  0.03566186467817723  0.04505997669018354  0.05449307487787207  0.06335083567177120
  0.07192686087591237  0.08107480461489501  0.09032712346432899  0.09874598908044192
  0.10678825449734473  0.11501505666290393  0.12410998446988518  0.13374898864050649
  0.14321771089061558  0.15274351314533902  0.16252952912618282  0.17271744189546151
  0.18314250803011381  0.19387477236929118  0.20495231645838080  0.21629852501469049
  0.22774912339795719  0.23947352318567536  0.25138550158693124  0.26308878329084656
  0.27517971286605242  0.28763870440374356  0.29919607928903325  0.31046014503077246
  0.32153594950356124  0.33317140828356528  0.34472702072057482  0.35510211784501533
  0.36562729049566506  0.37603884820480010  0.38695901666120341  0.39859950533243454
  0.41000522195389760  0.42122098120624019  0.43175636066418083  0.44216862604214485
  0.45307643506249684  0.46460048204759569  0.47662714128844375  0.48808670202373911
  0.49843966315731864  0.50745058073435123  0.51601325166134482  0.52488916778086681
  0.53434118490531013  0.54468009876612411  0.55491877325644334  0.56527167983456383
  0.57635254827481230  0.58824824207217496  0.60003678731312671  0.61204207062538596
  0.62415392034323025  0.63607933883238021  0.64797062404286732  0.66002123643629307
  0.67211527652614744  0.68429390739290430  0.69659643581029229  0.70987591377050252
  0.72272408600409266  0.73465959360520849  0.74607501863029102  0.75676599820529333
  0.76794184968593182  0.77871487531387940  0.79001902748528796  0.80132650573240349
  0.81214397074140543  0.82220458594247881  0.83213725632084923  0.84255634363821730
  0.85334638103530824  0.86420666246612932  0.87392096651524687  0.88310804236315177
  0.89208285127368459  0.90144357937250508  0.91206424256099949  0.92272924760314190
  0.93381320358502962  0.94434085035752291  0.95472113080193266  0.96443967024114630
  0.97332759581394168  0.98156614541468012  0.99039949710589081  1.00000000000000000
  0.36552023184864368  0.48791394527373061  0.50925313543067541  0.52557750059325270
  0.53957029026719960  0.55171749150402238  0.56157472292203758  0.57069534732209082
  0.58053922320883899  0.59022063939641733  0.59926039190374225  0.60780878993593046
  0.61618884119640172  0.62458093032231377  0.63259548976412128  0.64039523002740850
  0.64800088543211631  0.65565577506143924  0.66291146996518935  0.66976910504437270
  0.67646992151106689  0.68324479830488216  0.69047824586261919  0.69803201160757622
  0.70539301522016329  0.71240404132346824  0.71887822755781294  0.72500457358932846
  0.73088396130537425  0.73666941278366493  0.74259510178926302  0.74849454939192561
  0.75435050785051216  0.76020650574385107  0.76596598393025550  0.77149197385427171
  0.77668507252536645  0.78173045245210337  0.78671404835018410  0.79172346716963882
  0.79686412086016178  0.80187269797386729  0.80664286069571511  0.81135758011903880
  0.81611355054444823  0.82094315597674650  0.82569230115743131  0.83021112403640407
  0.83469728831889045  0.83903333325614682  0.84353069766859834  0.84815088535836336
  0.85267946642881720  0.85698215821307222  0.86107899638441709  0.86515700304638621
  0.86934529082656198  0.87362682241607392  0.87798726918740411  0.88217340494633822
  0.88621844576859898  0.89004213240006302  0.89389489368362296  0.89770680817816151
  0.90149988974058837  0.90526585332980569  0.90894695559719385  0.91259518503848702
  0.91623502776563015  0.91979510018087141  0.92341955625796801  0.92699620765186985
  0.93052372402606953  0.93391918528782425  0.93732479149761050  0.94059166929412108
  0.94377896399432348  0.94694794376396618  0.95012246941327339  0.95333438558579575
  0.95654513213100256  0.95950350870144685  0.96224478797301216  0.96481410953197821
  0.96722847249028765  0.96955083189549907  0.97189218235818620  0.97432902027256829
  0.97679787801985341  0.97942944378399877  0.98237422220723869  0.98547904166180722
  0.98866727700242918  0.99201869177056401  0.99580157118646662  1.00000000000000000
 -0.01688754860273450  0.14839331087626470  0.19478711026428999  0.22536228102233502
  0.25145189069928114  0.27369260224404823  0.29283865341374887  0.31052600048975026
  0.32708626305291244  0.34250877509748096  0.35680621435355764  0.36992303148854666
  0.38151694351610477  0.39274469830794162  0.40336028280660507  0.41420018152738869
  0.42517534391345946  0.43598364989703742  0.44607516527785507  0.45560862655558376
  0.46442841150460207  0.47286155890262449  0.48103881498937195  0.48929457413725064
  0.49760712775172111  0.50580038235659186  0.51418347808326614  0.52251691183022930
  0.53068490630416865  0.53844088895289555  0.54605936241462005  0.55336640776344670
  0.56048562507591793  0.56731705174480596  0.57391384854016725  0.58084793467743712
  0.58828055440326665  0.59575899509237906  0.60303584104368735  0.60992736482373910
  0.61621956988086557  0.62222447773853040  0.62815470410673202  0.63376738187375781
  0.64000405231988367  0.64596915543550681  0.65166624783604898  0.65726761131802813
  0.66318478188417318  0.66925022779886467  0.67560826138936558  0.68185310063635796
  0.68762797673575227  0.69264983344950037  0.69720124076261270  0.70157355689006362
  0.70615469651682161  0.71144113173756607  0.71716575956297768  0.72274474438107661
  0.72796405498784178  0.73289945194502848  0.73773273603281264  0.74260684939479682
  0.74786487489208642  0.75352881738258137  0.75931747756554735  0.76483876475228263
  0.76991197236817366  0.77468848296647197  0.77900362801445455  0.78330345471038099
  0.78793385558566031  0.79260290570647363  0.79703532633886420  0.80161584533093644
  0.80662427610995413  0.81179262142061315  0.81691688977276555  0.82217754221367789
  0.82717552082469459  0.83198735870965101  0.83684021373334949  0.84219852842361032
  0.84745938746164140  0.85247528768597314  0.85730198323456175  0.86228143259639012
  0.86782582794456153  0.87440558868085927  0.88379150983491284  0.89635501897225967
  0.90527979448570717  0.91497426152072237  0.93278034464164539  1.00000000000000000
   1.2755988012994688E-005  -1.0000000000000000     
 F F F F F F F F F F F F F F F F F F F F F F F F F F F F F F F F F F F F F F F F F F F F F F F F F F F F F F F F F F F F F F F F F F F F F F F F F F F F F F F F F F F F F F F F F F F F F F F F F F F F F F F F F F F F F F F F F F F F F F F F F F F F F F F F
  <DiscreteSampler_grid>
  grouped_processes
  1 # 1 for a reference and 2 for a running grid.
  10 # Attribute 'min_bin_probing_points' of the grid.
  1 # Attribute 'grid_mode' of the grid. 1=='default',2=='initialization'
  0.0000000000000000 # Attribute 'small_contrib_threshold' of the grid.
  0.5000000000000000 # Attribute 'damping_power' of the grid.
 # binID   n_entries weight   weight_sqr   abs_weight
    13   10   4.816236278868227E+001   1.308372441644759E+004   4.816236278868227E+001
    14   10   4.816236278868229E+001   1.308372441644759E+004   4.816236278868229E+001
    16   10   1.240634530463595E+001   8.187019073567394E+002   1.240634530463595E+001
    17   10   1.240634530463595E+001   8.187019073567392E+002   1.240634530463595E+001
    22   10   4.816236278868227E+001   1.308372441644758E+004   4.816236278868227E+001
    23   10   4.816236278868227E+001   1.308372441644759E+004   4.816236278868227E+001
    25   10   1.240634530463595E+001   8.187019073567392E+002   1.240634530463595E+001
    26   10   1.240634530463595E+001   8.187019073567392E+002   1.240634530463595E+001
  </DiscreteSampler_grid>
