  0.00000250646610038  0.00000257367031841  0.00000264473670053  0.00000271724896123
  0.00000279032497993  0.00000286259178895  0.00000293655863439  0.00000301535963660
  0.00000309797959784  0.00000318108734750  0.00000327451394415  0.00000337655603741
  0.00000348315506329  0.00000359058957878  0.00000370005044340  0.00000381981670823
  0.00000395027454168  0.00000407255964191  0.00000419132050609  0.00000431153996687
  0.00000443814529160  0.00000457800877716  0.00000472178330387  0.00000486932149934
  0.00000501862172663  0.00000516919769911  0.00000532088385172  0.00000547184722484
  0.00000562999090394  0.00000580070408414  0.00000598815671785  0.00000618971009104
  0.00000639797384830  0.00000660492161072  0.00000682019533653  0.00000704271583095
  0.00000727609484699  0.00000751437611984  0.00000775636502441  0.00000801162709516
  0.00000828987822798  0.00000858762423561  0.00000889483337082  0.00000921267209905
  0.00000955872365564  0.00000991055943889  0.00001025889843779  0.00001062005580864
  0.00001101769521356  0.00001145849271364  0.00001191371643401  0.00001237867522746
  0.00001292279642475  0.00001351324887610  0.00001413151925173  0.00001478982619277
  0.00001557003603997  0.00001633621129604  0.00001725058731171  0.00001821263380251
  0.00001925774016505  0.00002048166001728  0.00002187165066724  0.00002343397003876
  0.00002515725238898  0.00002701024067081  0.00002888270281933  0.00003084182820698
  0.00003302351713475  0.00003536609021134  0.00003821453748945  0.00004142637549864
  0.00004525323962025  0.00004990276804073  0.00005502724382714  0.00006136026027270
  0.00006894045761681  0.00007855846222565  0.00008969590204467  0.00010292584204098
  0.00011973980024556  0.00013979852518852  0.00016480712157457  0.00019200646186394
  0.00022632821120564  0.00027405140382584  0.00034440304713866  0.00045405820248994
  0.00059788085401865  0.00084947754855507  0.00112268830582592  0.00133428855671456
  0.00165316633597001  0.00290285155098265  0.05736355872278082  1.00000000000000000
  0.00000012182810661  0.00000017339154994  0.00000022146138961  0.00000027429940055
  0.00000033368890609  0.00000040118543313  0.00000047739388111  0.00000056112765364
  0.00000064936661455  0.00000074268369171  0.00000084951562502  0.00000097305971883
  0.00000111320113352  0.00000126882294270  0.00000144440718426  0.00000164303651326
  0.00000185758741565  0.00000209020519246  0.00000234275720510  0.00000262024014343
  0.00000295118780565  0.00000334497273170  0.00000378698155976  0.00000429323478572
  0.00000486043013073  0.00000549134799155  0.00000620679489543  0.00000701448429311
  0.00000795136708697  0.00000901970285282  0.00001013619783169  0.00001118302517697
  0.00001237929012201  0.00001369336872147  0.00001526184605526  0.00001716772168146
  0.00001930466058555  0.00002158264911595  0.00002408490997210  0.00002681508399452
  0.00002969912984201  0.00003281728771061  0.00003624751733013  0.00004015775147726
  0.00004441001085161  0.00004882362874921  0.00005345206134311  0.00005845717155847
  0.00006386139902189  0.00006951793255451  0.00007561803700373  0.00008239398580557
  0.00008967026437389  0.00009748745961527  0.00010545728448894  0.00011394666868319
  0.00012325836251745  0.00013320406158923  0.00014347194409131  0.00015423162382041
  0.00016616773744175  0.00017859259879789  0.00019207928683768  0.00020680420631494
  0.00022325845197197  0.00024156516469986  0.00026155887505665  0.00028332015706666
  0.00030918611189863  0.00033731469590257  0.00037025146370331  0.00040551991967647
  0.00044330146831167  0.00048551638027389  0.00053286437801022  0.00058172676388131
  0.00063608515662097  0.00070856049443903  0.00080356324305378  0.00091172298769287
  0.00100398277645656  0.00109513347350365  0.00117715696725334  0.00124784030961495
  0.00135034163283456  0.00144547335136125  0.00157734964790251  0.00176996450863906
  0.00204221615381963  0.00242968542060111  0.00291864908893555  0.00375302312646493
  0.00573559628356989  0.01217078937337820  0.05455680809715425  1.00000000000000000
  0.00000117195283311  0.00000173720025041  0.00000243723715643  0.00000304910942295
  0.00000353085104086  0.00000405032060302  0.00000463667183007  0.00000531110342538
  0.00000613085856091  0.00000706285535276  0.00000806393006919  0.00000920045599761
  0.00001041724221433  0.00001169744008391  0.00001308523297777  0.00001455075748871
  0.00001620033790621  0.00001799013909706  0.00001991127029197  0.00002199191430773
  0.00002426085640437  0.00002661057185995  0.00002918265353274  0.00003186505169755
  0.00003480868616326  0.00003781178372335  0.00004097733945409  0.00004444253326594
  0.00004810242135765  0.00005196441463799  0.00005607438216039  0.00006048616284693
  0.00006503439423033  0.00006986340515233  0.00007506884533970  0.00008082265533957
  0.00008706230961136  0.00009363104353571  0.00010052727273008  0.00010759146973751
  0.00011482924972946  0.00012241365124604  0.00013039348357721  0.00013893681472284
  0.00014830406106353  0.00015862124737882  0.00017007894928762  0.00018244852082694
  0.00019513738641560  0.00020806021100271  0.00022135618671170  0.00023576421238202
  0.00025195312078466  0.00027305165359726  0.00029492377436170  0.00031680841699597
  0.00034035492767419  0.00036634688477545  0.00039531688259710  0.00042610655670121
  0.00045760141878095  0.00049587831290556  0.00054210251969847  0.00059279965595705
  0.00064882479823004  0.00071048467568284  0.00077281376052300  0.00083159636103001
  0.00089939511668682  0.00096875625557752  0.00103564632005098  0.00112490803415070
  0.00120992373352090  0.00129101055633554  0.00137420687881932  0.00145198145255101
  0.00153115953421222  0.00161011204703029  0.00170729994325232  0.00179574228796385
  0.00188831643230588  0.00200041752849596  0.00212838700960177  0.00226762841909088
  0.00248282308820827  0.00272575733327685  0.00303510718281383  0.00329575300981742
  0.00358564663111281  0.00381655242165875  0.00404361970924599  0.00432804068135148
  0.00509505088211633  0.00698015004649455  0.01307506582425110  1.00000000000000000
 -0.00144475965749396  0.00639461646435950  0.01283318924446572  0.01904576080480917
  0.02553288064970336  0.03224543517839547  0.03883163914564550  0.04556985134908936
  0.05260133258279661  0.05979923941018132  0.06814381739633656  0.07669636824593774
  0.08612347488339095  0.09509750380061552  0.10400393036691134  0.11303275328609384
  0.12250700093648988  0.13221360497342843  0.14187589139702711  0.15153007851260325
  0.16105236644822579  0.17090746224652581  0.18090155251103893  0.19091106609581965
  0.20145578574443720  0.21265614599303923  0.22461715643952157  0.23538593756861817
  0.24594016187548939  0.25683036148459698  0.26802546502402452  0.27904336632842597
  0.29026856516221811  0.30308880714799830  0.31642050513639025  0.32989859819645778
  0.34222158950214626  0.35466886168428363  0.36771611059276355  0.38081880430532505
  0.39332724188876256  0.40633343082141565  0.41984896950774331  0.43359996457833244
  0.44799031688473490  0.46265494432751719  0.47734054851358670  0.49197740294464554
  0.50702155089740897  0.52162489303640691  0.53616733827146124  0.54999231494194178
  0.56376487078520388  0.57737322698909088  0.59154882344847715  0.60592975896297230
  0.61978659502004607  0.63239641074343333  0.64456145669252363  0.65646602169130297
  0.66835036947455839  0.67973582819288780  0.69084780607827023  0.70202328220327248
  0.71400377445437468  0.72646840394907752  0.73884228926049977  0.75092823698076760
  0.76270974597829744  0.77505359611407398  0.78679221139446676  0.79806363887801102
  0.80640247140942956  0.81479013183987736  0.82283480138062848  0.83163557813644429
  0.84146809992757565  0.85117996954870756  0.86068473072239438  0.87020649015959006
  0.87986587210125555  0.88945210217550130  0.89872528632514925  0.90811510249712724
  0.91717173938516550  0.92538366894084301  0.93301925146450093  0.94008689965554459
  0.94636430371786096  0.95304779542063389  0.96011466370496656  0.96743921817752110
  0.97552599071354618  0.98344319560346072  0.99149555735409933  1.00000000000000000
 -0.00193285168644289  0.00811348228741017  0.01688280673620163  0.02624572012495291
  0.03555671108502141  0.04458546595226267  0.05358034830410663  0.06292010529084574
  0.07294768014085096  0.08335367148047459  0.09432440738480469  0.10555568510953789
  0.11658222976865631  0.12772406066123559  0.13886473693128340  0.14999958627194634
  0.16085947849204102  0.17219091822816640  0.18396563778166392  0.19606856119900726
  0.20790020476642970  0.21875536518493388  0.22906453441318528  0.23910633667221828
  0.24954542661470663  0.26026939447891678  0.27126621961510511  0.28258972051944070
  0.29386527042154248  0.30480585975231883  0.31552620383725266  0.32633642497418025
  0.33740255379413914  0.34845374941845597  0.35896143271167041  0.36905486165917184
  0.37918051708930722  0.38955979985914629  0.39983614864884981  0.40971394783516030
  0.41905928439151002  0.42810851866451866  0.43742193753798764  0.44656118129203465
  0.45527857621979090  0.46391785834138893  0.47318836420513782  0.48430922048574881
  0.49637458453090783  0.50816582810078281  0.51967381065079787  0.53147588678791458
  0.54290771332450471  0.55386090537729382  0.56470381349987642  0.57558851558691049
  0.58594095624539466  0.59584358588558117  0.60606231355368900  0.61689290401677510
  0.62762385600022519  0.63779961696558318  0.64802063738469362  0.65877234403438489
  0.66998801718436651  0.68086722170970060  0.69085082866346292  0.70068174526931737
  0.71077968664317448  0.72188468678499029  0.73287726594940339  0.74403291921408887
  0.75499182220167893  0.76590720896710407  0.77634113037471153  0.78620678141263145
  0.79636315095523791  0.80652944067171584  0.81712822238473659  0.82804771763923268
  0.83947242537080635  0.85090716996448468  0.86259105847459716  0.87408783267775703
  0.88551652673839887  0.89706387081472649  0.90670946368339556  0.91590993803305509
  0.92438080662060251  0.93424952722371857  0.94554333193834961  0.95633240190193147
  0.96737228693816824  0.97793863931686231  0.98905338937402421  1.00000000000000000
 -0.00133284473271801  0.00803200988543064  0.01631600171885469  0.02411961458613853
  0.03202683188099548  0.03992614885697919  0.04843749485759170  0.05726394282985097
  0.06669481024089714  0.07608648259878976  0.08497740119545841  0.09409605984247300
  0.10375819831181562  0.11383853089919176  0.12370957027485527  0.13385045930119110
  0.14449134106280620  0.15487266806135819  0.16509692836349246  0.17553277532988670
  0.18558464044147219  0.19584193637054700  0.20638007693335272  0.21790120115424183
  0.22998726262062277  0.24215290244811566  0.25393863857827181  0.26580619933553601
  0.27741429605517332  0.28941630259518758  0.30092195237769054  0.31199157526092991
  0.32281486252989638  0.33342286497706897  0.34384305030800372  0.35275611198739071
  0.36217330443424484  0.37196689007734712  0.38372312254171009  0.39646421462908010
  0.40756066594933171  0.41853351143666329  0.42909669906362874  0.44068423633806741
  0.45186097757749183  0.46302673454067017  0.47519320064689746  0.48782220701916812
  0.50141207293185563  0.51499815032343765  0.52864940787274040  0.54206544186335992
  0.55557509984542919  0.56788359589902293  0.57940901595638450  0.59063459955326136
  0.60250024208786357  0.61351750937092886  0.62425903903603663  0.63447743590487615
  0.64488622491366743  0.65533914817755368  0.66594191417083703  0.67729696665482486
  0.68906452155678655  0.70113096285838128  0.71291621939277161  0.72447141147565375
  0.73583039512831672  0.74688075480108584  0.75790429384281910  0.76889026628850377
  0.78001930208341985  0.79099290976796066  0.80126750106875799  0.81152362889142760
  0.82147411730337028  0.83170151827447647  0.84194824337935947  0.85282194363403008
  0.86404642165425694  0.87474521632284030  0.88479475310046496  0.89483410190718593
  0.90433640935452364  0.91198705523963208  0.91966584906785320  0.92749071800336713
  0.93545505422643760  0.94486143099981978  0.95402078190679496  0.96285511923906508
  0.97228584153553010  0.98182006621119622  0.99091624057908756  1.00000000000000000
 -0.00225121609531663  0.01044088378391191  0.02088373087530758  0.03113781191146010
  0.04156224195760248  0.05246853017561753  0.06343896980097714  0.07461730976027388
  0.08546510889109957  0.09584422159370559  0.10621373648532988  0.11650038433495891
  0.12691574366799210  0.13739443521195382  0.14757556727945312  0.15786111873790076
  0.16845074540160265  0.17933722455560785  0.19040168192653492  0.20113899149671635
  0.21198688080821704  0.22321876068667373  0.23428546525011415  0.24499746869540134
  0.25671353583841350  0.26860925966629740  0.28054701485241362  0.29149544903469876
  0.30192313958900996  0.31225069011982653  0.32271031580483572  0.33360346115943074
  0.34483978330466919  0.35627384844853044  0.36769784575884024  0.37873324320081542
  0.38950948314056133  0.40022625786690535  0.41094117755321491  0.42146067170400442
  0.43171704402723948  0.44178122882590887  0.45159594526281882  0.46015470407825715
  0.46851938932388965  0.47682210554060150  0.48541129937213773  0.49519033611112834
  0.50568616127048327  0.51596930009520603  0.52603274046257920  0.53637711167034718
  0.54707954398173009  0.55786326992792701  0.56816651484687997  0.57797347014152667
  0.58776768090563658  0.59764220908214283  0.60816883409624845  0.61955621492042812
  0.63108683215535655  0.64214251954636870  0.65290677690907639  0.66398431426183180
  0.67545812920393022  0.68715704190635807  0.69756855552060193  0.70631161813614729
  0.71454567520414825  0.72280575629750443  0.73199674150217364  0.74259176943332905
  0.75377678008177829  0.76516140155533463  0.77681283526983935  0.78803936884218795
  0.79859490054985194  0.80862947933957807  0.81816321524464153  0.82741046565295984
  0.83679088162811988  0.84681197760646143  0.85756188166366398  0.86857240046670614
  0.87983056093446632  0.89142963075308890  0.90286184661363766  0.91450093663449661
  0.92689171022693817  0.93955226041994866  0.95088609563571513  0.96098936275091129
  0.97041924937865887  0.97984827746948200  0.98963657996238552  1.00000000000000000
 -0.00277889211285365  0.01096565705531604  0.02273232062023004  0.03401980363116690
  0.04535155289346747  0.05645804266668192  0.06762669850613411  0.07826970270183792
  0.08825914017131767  0.09790007332727821  0.10803282802110392  0.11816067725954960
  0.12820171611081238  0.13808480320275177  0.14829684814992278  0.15898827627491324
  0.17032738386781607  0.18106367055488798  0.19039957138617511  0.19932203228643799
  0.20850933080405029  0.21908811921537918  0.23015684504622216  0.24070677771381513
  0.25124942469586148  0.26186618433082365  0.27246551633980576  0.28278194595605199
  0.29281478006922090  0.30257212242382869  0.31200508285623685  0.32124283131997761
  0.33051480436323549  0.34071082203678249  0.35137671036395179  0.36158422125032158
  0.37188456385774127  0.38277281287621523  0.39440655062297914  0.40568304042174658
  0.41684367682716483  0.42845124387234806  0.44004460429117404  0.45153559181864195
  0.46279211730332243  0.47415638776605329  0.48557595928411923  0.49677360089304567
  0.50783336271389334  0.51889551418834690  0.52971694611178244  0.54047622768717885
  0.55103615664018535  0.56141935396504838  0.57162176280095622  0.58152179970487194
  0.59123875062403919  0.60112958052968146  0.61179455492392354  0.62348775120086575
  0.63513080731889915  0.64646138592536695  0.65573468919722955  0.66535122996351070
  0.67512713933012369  0.68506893615062281  0.69481064415413918  0.70472506471581464
  0.71535064203738252  0.72664369394769135  0.73828228467536050  0.75003699887431707
  0.76125906769697782  0.77218873480492589  0.78238167650256296  0.79320768842867373
  0.80361042098178714  0.81232631201338956  0.82139344151632565  0.83031714537305235
  0.84026559915894028  0.85202682142190322  0.86362141167359352  0.87468393331191463
  0.88597033962235439  0.89726325032147303  0.90926047280974187  0.92072569346805044
  0.93179700458233172  0.94235888850624094  0.95225324413327650  0.96187856633044133
  0.97126183287114998  0.98061768844340902  0.99045405244802731  1.00000000000000000
  0.33809750677213624  0.40138422026047726  0.42521417189610533  0.43546689847500170
  0.44829831675908849  0.46212109701268550  0.47421155932503573  0.48312847801276654
  0.49076772798172064  0.49933895691453811  0.50858544890073143  0.51796634980331024
  0.52869097127983189  0.54060780142643650  0.55266714654763405  0.56326961745910542
  0.57279727698807437  0.58227568975605237  0.59070515130539236  0.59900005365259301
  0.60736883920135376  0.61602622272273100  0.62463052989473233  0.63292999782987369
  0.64110327364913744  0.64947414021605276  0.65770010016256364  0.66564212516124088
  0.67338003162482385  0.68112542105470686  0.68925320779480592  0.69744671063943864
  0.70516436802563986  0.71233448111483355  0.71961620403900284  0.72730088665107329
  0.73491104349796388  0.74203330925442279  0.74893779237859714  0.75559050373776948
  0.76193679140798276  0.76793642445881238  0.77345588044369229  0.77890132256615707
  0.78433459000121097  0.78999064215496573  0.79578966156486519  0.80171637668501805
  0.80711370208077771  0.81250221963586355  0.81767613374666093  0.82305675625613883
  0.82846045738101259  0.83380365574366033  0.83903453623033297  0.84436918234764002
  0.84947214758045686  0.85453550892880570  0.85942434694620962  0.86420070984882369
  0.86903507533356084  0.87371869899454846  0.87822940439713915  0.88262371939029005
  0.88707896586032353  0.89157986392175048  0.89599974630277235  0.90031770400617661
  0.90451887457505309  0.90851541605340425  0.91231818649630669  0.91601860709882721
  0.91964620972568989  0.92326265736871227  0.92690499312155705  0.93056651151893643
  0.93414963672563855  0.93767332727291031  0.94115631996154658  0.94458687870159963
  0.94799876916734349  0.95141429228519681  0.95496195712215015  0.95861535886931071
  0.96236574416893439  0.96595797051139898  0.96943632579954597  0.97281466598066768
  0.97619179571464121  0.97956697747274168  0.98287548919396239  0.98610096670392677
  0.98926926408792060  0.99255107806722853  0.99616226848739986  1.00000000000000000
  0.06076848667650358  0.11796733226097973  0.15533067977431619  0.18020179833110675
  0.20081916343789913  0.21716417651645473  0.23409045751160507  0.25173275088737773
  0.26800029465345016  0.28372772889297754  0.29881622937298957  0.31322140896389422
  0.32597812353999650  0.33818943329894169  0.34967104557264778  0.36121072272350147
  0.37303471266122057  0.38426414809082371  0.39377376032129202  0.40244217124762649
  0.41113546570775578  0.42113631621685638  0.43196926741797231  0.44206293076629583
  0.45170210596755300  0.46078343058432103  0.46959550301743558  0.47843296233743537
  0.48743566126432092  0.49616662617398027  0.50438126579196596  0.51204142390338658
  0.51985033869308062  0.52783650845678487  0.53522099079649021  0.54185417181748663
  0.54784263788714560  0.55379165280318776  0.56092433499946392  0.56831267818348385
  0.57504150601698611  0.58133502821727268  0.58750753689203783  0.59361569145454318
  0.59997339778353664  0.60597240702336341  0.61222437029192800  0.61854743085164021
  0.62460656826395733  0.63049445569722051  0.63632632184688498  0.64216583129379712
  0.64799052202058194  0.65377147622503284  0.65922232250573254  0.66478589138083333
  0.67062333175899813  0.67650941616421933  0.68251929505707598  0.68839079055249264
  0.69410123024950565  0.69967835532050859  0.70507268336200202  0.71059295874209494
  0.71613916742756367  0.72182301323190246  0.72742506412127261  0.73285294060419182
  0.73818793640627611  0.74336128828078030  0.74841701765238744  0.75345619436545008
  0.75865297191341063  0.76424650816336648  0.77010789231403431  0.77605486457960116
  0.78152429588037065  0.78701183015424081  0.79247688536976846  0.79825164269569726
  0.80387308573505223  0.80932385445140875  0.81500231582668370  0.82132302992834694
  0.82845310011554441  0.83575832240947057  0.84300120614947738  0.85002906282392088
  0.85713702562113148  0.86463024666276700  0.87261106283285017  0.88099961234503121
  0.89052114525211001  0.90332797846060775  0.92862953316456820  1.00000000000000000
   5.8785528012432451E-006  -1.0000000000000000     
 F F F F F F F F F F F F F F F F F F F F F F F F F F F F F F F F F F F F F F F F F F F F F F F F F F F F F F F F F F F F F F F F F F F F F F F F F F F F F F F F F F F F F F F F F F F F F F F F F F F F F F F F F F F F F F F F F F F F F F F F F F F F F F F F
  <DiscreteSampler_grid>
  grouped_processes
  1 # 1 for a reference and 2 for a running grid.
  10 # Attribute 'min_bin_probing_points' of the grid.
  1 # Attribute 'grid_mode' of the grid. 1=='default',2=='initialization'
  0.0000000000000000 # Attribute 'small_contrib_threshold' of the grid.
  0.5000000000000000 # Attribute 'damping_power' of the grid.
 # binID   n_entries weight   weight_sqr   abs_weight
    13   10   1.436506309262204E+002   1.283388924017504E+005   1.436506309262204E+002
    14   10   1.436506309262213E+002   1.283388924017523E+005   1.436506309262213E+002
    16   10   3.655084558013326E+001   7.995396384528423E+003   3.655084558013326E+001
    17   10   3.655084558013347E+001   7.995396384528542E+003   3.655084558013347E+001
  </DiscreteSampler_grid>
