  0.02893081117768796  0.03934635470201997  0.04663864463182538  0.05393712133908692
  0.06126098821791719  0.06860798557385478  0.07611028758815765  0.08371006435878285
  0.09142133792930940  0.09917628480196143  0.10696476076707151  0.11489565967197755
  0.12292949352225718  0.13104444604462448  0.13918869987421970  0.14735323715860882
  0.15564281227885909  0.16383389472731785  0.17201899618417330  0.18025523502233681
  0.18860373765446997  0.19703473144508926  0.20554217248916420  0.21411008924115177
  0.22271445597653519  0.23135278272648363  0.24003374103965325  0.24879681924372066
  0.25768239083575534  0.26663813455684865  0.27569747194875643  0.28485314481949486
  0.29409445881601765  0.30342429690331829  0.31287125173224939  0.32253718961525291
  0.33239482621983008  0.34235686925755887  0.35236585441928925  0.36240959576266396
  0.37251266753179196  0.38270382657330587  0.39297548689650003  0.40339543969802766
  0.41398455001512408  0.42471935830809238  0.43555309318871355  0.44643236282933602
  0.45734419580152225  0.46833146639983575  0.47942679240343827  0.49059643705075756
  0.50178080786713297  0.51298162047207507  0.52419537190097831  0.53548460040242851
  0.54687659608911909  0.55836330924019095  0.56987968634826236  0.58139658166479380
  0.59295704738395161  0.60453604191851140  0.61605524225732444  0.62752510085818169
  0.63898096636741153  0.65044527230442850  0.66192811093260040  0.67346556998677043
  0.68509940466321173  0.69671099481656040  0.70833865534920137  0.71979135755751700
  0.73127567335419696  0.74281585190104038  0.75432964968965432  0.76577256260030324
  0.77713905135806838  0.78848452657274071  0.80001425977375917  0.81153055099348470
  0.82291502536026673  0.83420367011007568  0.84564136773991538  0.85700928596810666
  0.86830451262195008  0.87972368751242580  0.89142216093873528  0.90335556001170836
  0.91540580599388388  0.92762467780907731  0.93963302820677475  0.95189404804911670
  0.96466258088257206  0.97714915969202587  0.98611619715508125  1.00000000000000000
 -0.00238555216587871  0.00983603207708112  0.02002723622999550  0.03040376878047958
  0.04092058967866840  0.05127434296857085  0.06167398979342166  0.07201409945279874
  0.08230961425853343  0.09274617419573518  0.10323114398326230  0.11397840032982387
  0.12452351818605897  0.13508904707641400  0.14552431130587296  0.15601617843264434
  0.16669730984627554  0.17726042229738601  0.18780628247489978  0.19825464951530666
  0.20880060498093608  0.21925149351797502  0.22971685028441322  0.24019203443715390
  0.25059608469585187  0.26101816085494944  0.27151503087489315  0.28212882099914671
  0.29273697431094942  0.30324532713556618  0.31367817457056246  0.32421531730354430
  0.33473378177892177  0.34529822791868631  0.35584847440199019  0.36629195223469024
  0.37673229230514760  0.38730735081392198  0.39800606341333095  0.40881146052944589
  0.41934991702066499  0.42992104301556500  0.44037697473808973  0.45111501111724400
  0.46200868822493901  0.47295315658575365  0.48358844608593321  0.49410893475172485
  0.50467611203453933  0.51510513038506300  0.52551959086140376  0.53592395813415561
  0.54648595134344857  0.55709276737160796  0.56765537003038913  0.57820353075444575
  0.58858063863816479  0.59910294144421239  0.60986251955285742  0.62073057352022265
  0.63137613722188646  0.64184255755429587  0.65242086465910354  0.66298694289008342
  0.67338450320771481  0.68370433323703661  0.69413752351121338  0.70479253315570312
  0.71527434175012594  0.72588155127475862  0.73644937557634482  0.74709108474549313
  0.75773938843705191  0.76830406689248620  0.77890207241491638  0.78944153918527438
  0.80005633628257700  0.81061350723721215  0.82102327177671697  0.83151865280345760
  0.84210789625816940  0.85246106263108667  0.86280556077929216  0.87306074738334016
  0.88343353003065417  0.89387463362499098  0.90445497476042847  0.91510141784605559
  0.92560469645534171  0.93610071886406299  0.94677087880963284  0.95749275674215661
  0.96810798917064256  0.97873368172727548  0.98932601636119155  1.00000000000000000
  0.00045922498421628  0.01049772282154501  0.01969436104179704  0.02922927391918034
  0.03874357167955620  0.04825209859930673  0.05774698967483398  0.06725715006917107
  0.07677276518944483  0.08633802305182665  0.09592488600681139  0.10551030186303104
  0.11510064189272963  0.12468091427554358  0.13425089882045771  0.14381673324401736
  0.15337900836756033  0.16293888354502140  0.17248696749516865  0.18202681991868558
  0.19158801852460197  0.20117745507080573  0.21077724449807075  0.22038814825171271
  0.23003338510368149  0.23971062694993500  0.24938115406075417  0.25900488574232955
  0.26859549850395253  0.27820430084071185  0.28785039740199181  0.29752041986564198
  0.30716293187877319  0.31678602330421329  0.32634100208662270  0.33593287128594812
  0.34554452167570598  0.35514774761322698  0.36476837710646309  0.37436412294872973
  0.38401215769665720  0.39365731708885421  0.40332263531004370  0.41301898539128140
  0.42273505554808333  0.43248622047593765  0.44226447893549681  0.45206499681983586
  0.46182910843802466  0.47158107973765501  0.48135459160353455  0.49116138682345378
  0.50098912329121514  0.51077779040494953  0.52062923102337133  0.53053667233499202
  0.54045392973635198  0.55039897351114309  0.56036204876511586  0.57044629894558330
  0.58056491657765286  0.59065608107127188  0.60073972788221264  0.61086154719184949
  0.62109818323603938  0.63140249567461826  0.64169545132819450  0.65194827721830984
  0.66226350539657619  0.67269560328328737  0.68317587455870932  0.69368487498937159
  0.70426158292495078  0.71501239642623649  0.72589872758361629  0.73681773907582515
  0.74773130089904105  0.75866277334622867  0.76959756139933644  0.78066210652862023
  0.79186347798511358  0.80349698034174855  0.81534184350986849  0.82734753277924211
  0.83941799420586183  0.85138861751580730  0.86317526593569682  0.87506507263204558
  0.88756485957309517  0.90068929825751365  0.91452921756990546  0.92897836505862574
  0.94397776996984128  0.96002742345915726  0.97871718605140057  1.00000000000000000
 -0.05039294591513623  0.20780965826232933  0.27551584086703151  0.28661536301043694
  0.29630192386184107  0.30407800694123088  0.31123949958911273  0.31774520855610905
  0.32407487405643015  0.33038703031719985  0.33650800554650812  0.34244830885762451
  0.34834101041031940  0.35407647932946806  0.35962465933216298  0.36511124800622408
  0.37056239540675268  0.37591960397687690  0.38115422754095929  0.38636558964589357
  0.39159124800828760  0.39680164244423183  0.40197467797010367  0.40710566870232767
  0.41221936831624345  0.41726188507122003  0.42223328660823606  0.42716435355790255
  0.43210677007596260  0.43703128465846858  0.44189714648735728  0.44678283627503657
  0.45165449825359505  0.45646201156703220  0.46120688374174285  0.46589188525044645
  0.47059444785787841  0.47528259984654042  0.47995452700169650  0.48457775860560331
  0.48923431205094575  0.49389961875292632  0.49857787831986500  0.50323182885579121
  0.50790431774918843  0.51262004944803063  0.51735919159851584  0.52203599955521851
  0.52664200700371711  0.53122429236484758  0.53581148736009288  0.54044003672918162
  0.54498499411092738  0.54953331993548338  0.55404983488063420  0.55856137163415942
  0.56304369564612289  0.56747798937655047  0.57188999638473947  0.57630112576778891
  0.58071475664809147  0.58509810913797844  0.58945414847262356  0.59381201472245759
  0.59816052875287751  0.60249398980004798  0.60681480475236305  0.61113092889464959
  0.61543626584594746  0.61970712820834595  0.62394220360473074  0.62813892037616459
  0.63232437285052245  0.63654127181314468  0.64080462509271141  0.64506064781008621
  0.64931295295944846  0.65358725986856436  0.65791408031118515  0.66230038038260775
  0.66666411833082273  0.67104029861361492  0.67536105839396388  0.67967279812160419
  0.68397277777970922  0.68840272819194093  0.69289777305091793  0.69745713937408593
  0.70202996721195232  0.70674599447950381  0.71215362775428137  0.71793898237598852
  0.72378550305140632  0.72997675416276686  0.78659362992806159  1.00000000000000000
   1.0536073847868680E-002  -1.0000000000000000     
 F F F F F F F F F F F F F F F F F F F F F F F F F F F F F F F F
  <DiscreteSampler_grid>
  grouped_processes
  1 # 1 for a reference and 2 for a running grid.
  10 # Attribute 'min_bin_probing_points' of the grid.
  1 # Attribute 'grid_mode' of the grid. 1=='default',2=='initialization'
  0.0000000000000000 # Attribute 'small_contrib_threshold' of the grid.
  0.5000000000000000 # Attribute 'damping_power' of the grid.
 # binID   n_entries weight   weight_sqr   abs_weight
    13   10   6.291104987560824E+005   4.171426897728234E+011   6.291104987560824E+005
    14   10   6.291104987560824E+005   4.171426897728234E+011   6.291104987560824E+005
    16   10   1.521398231021044E+005   2.465411635001036E+010   1.521398231021044E+005
    17   10   1.521398231021044E+005   2.465411635001036E+010   1.521398231021044E+005
  </DiscreteSampler_grid>
