 -0.00235986460186294  0.00959068586600730  0.01979153469740418  0.03021756166674016
  0.04060468250823009  0.05068512481986787  0.06063584111980556  0.07040109982607044
  0.08015775378071087  0.09028886413133788  0.10097783646511106  0.11195572052120278
  0.12315767779146113  0.13470914647507787  0.14622604636984060  0.15713622377002417
  0.16754393708480503  0.17781908471176677  0.18806237500494091  0.19840740892656783
  0.20905995476714087  0.21945945288609237  0.22966611129921150  0.23982379074031290
  0.25014150642355787  0.26064375393857531  0.27125366651538119  0.28175043589962084
  0.29229405373859635  0.30276944219301660  0.31346447648246573  0.32420605543267572
  0.33482821107933480  0.34541628681638797  0.35593028601600757  0.36644284699141527
  0.37687612934263082  0.38734204463595773  0.39805152401123711  0.40892440365903787
  0.41933355428552360  0.42956683046652194  0.43997482144125183  0.45068190430434968
  0.46133983187201794  0.47185072944169337  0.48249443491667654  0.49306222419320200
  0.50344831283800551  0.51365509661147146  0.52400955312932052  0.53447108424884127
  0.54481655063202528  0.55507103017902915  0.56511049808602676  0.57515719257930031
  0.58538635698480168  0.59558520480294574  0.60562934560797221  0.61565266198164148
  0.62596161544216433  0.63655712178151702  0.64705007251724567  0.65729778505226044
  0.66759907133393614  0.67807591744120388  0.68879193094787106  0.69982433064706839
  0.71113031751210320  0.72253188303920990  0.73355278139793390  0.74429928466804907
  0.75523905303060734  0.76626987011338754  0.77682881026356754  0.78695594737145047
  0.79714098144130685  0.80767966495264865  0.81845462287881421  0.82934306038621519
  0.84016318461549711  0.85076292804230935  0.86144102703946723  0.87255172329112596
  0.88401049832739809  0.89534295144781406  0.90571940979599852  0.91570013566877262
  0.92538159870515679  0.93571764561162496  0.94636019907744995  0.95727512230753198
  0.96780674898408026  0.97814709482911988  0.98882773065001928  1.00000000000000000
  0.00002896102066555  0.00003687048396264  0.00004176302601547  0.00004389658746657
  0.00004593954774697  0.00004782098836403  0.00004975949017381  0.00005177795754420
  0.00005550819471667  0.00006325158299861  0.00007289129840788  0.00008165404948185
  0.00008961596308066  0.00009722994435782  0.00010446842614605  0.00011163522284906
  0.00011871535267130  0.00012567858053640  0.00013276359406700  0.00013997126971156
  0.00014722847229390  0.00015444839497291  0.00016195212571420  0.00016944560431919
  0.00017689155872608  0.00018438749288547  0.00019200143291947  0.00020026637113214
  0.00020853874430770  0.00021683199169529  0.00022532866486703  0.00023422559858752
  0.00024368515442081  0.00025320251593532  0.00026287012741821  0.00027280252935424
  0.00028360245110041  0.00029516472381007  0.00030694910409191  0.00031888668321510
  0.00033080283662242  0.00034353427200431  0.00035671327525412  0.00037043942994769
  0.00038451472344274  0.00039896191005062  0.00041391328840373  0.00043002633349581
  0.00044598301145507  0.00046194160837365  0.00047763775719773  0.00049473679937567
  0.00051541388264698  0.00053615811725057  0.00055694782479341  0.00057647926024763
  0.00059528644672640  0.00061708326364848  0.00063876163347112  0.00066167574542738
  0.00068799216535928  0.00071869618801388  0.00075236965925013  0.00078753372180644
  0.00082309154064676  0.00085875236966187  0.00089387137073774  0.00092853205234637
  0.00096476508134236  0.00100099854234581  0.00103800073395227  0.00108407380542595
  0.00113340728947427  0.00118954609765200  0.00125642543636793  0.00132085084824139
  0.00138230148428919  0.00144729179063222  0.00151689755488617  0.00159527051390082
  0.00172696906291511  0.00185712483195334  0.00201356865057630  0.00213378104443695
  0.00231254005693434  0.00250492602956681  0.00272071811282570  0.00300344019693131
  0.00327903114751062  0.00363397207669286  0.00412961981729103  0.00488348052598683
  0.00653512908847783  0.00945788067181643  0.01355440647182284  1.00000000000000000
  0.00000243658618367  0.00000273935140190  0.00000295454334586  0.00000307523027742
  0.00000323431189485  0.00000339995870271  0.00000356800459205  0.00000373550284033
  0.00000391037431299  0.00000409981078488  0.00000429726793375  0.00000451161722422
  0.00000473559543419  0.00000496207993144  0.00000521455683681  0.00000547798097641
  0.00000575742084815  0.00000605060947549  0.00000637847401578  0.00000671587444653
  0.00000708065231616  0.00000746419490313  0.00000786526590769  0.00000829471597657
  0.00000873873356354  0.00000920631149333  0.00000971104315715  0.00001023486248391
  0.00001078415756507  0.00001136290198630  0.00001199548776498  0.00001264426715152
  0.00001332728126387  0.00001401633484974  0.00001472283955377  0.00001548274495701
  0.00001627986199170  0.00001717195705938  0.00001812008824099  0.00001911209550728
  0.00002012431523926  0.00002118260474732  0.00002230116664660  0.00002352847563039
  0.00002484306679655  0.00002619258932221  0.00002765641551904  0.00002919949218318
  0.00003087876577814  0.00003270780516424  0.00003462787118251  0.00003663732519330
  0.00003872811898728  0.00004094230042513  0.00004334175199888  0.00004589394677590
  0.00004860011446477  0.00005153387594175  0.00005458273072068  0.00005784274261307
  0.00006145038511198  0.00006520239629223  0.00006944099710959  0.00007399989566794
  0.00007887803942911  0.00008410845493412  0.00008952758284177  0.00009573104410407
  0.00010222514161621  0.00010979538704709  0.00011748276013273  0.00012665205005059
  0.00013632417168106  0.00014697864957320  0.00015871281489925  0.00017229277119425
  0.00018850152894891  0.00020629988385575  0.00022716958671905  0.00025212820092478
  0.00027967413583856  0.00031054821098211  0.00034581945253403  0.00038468381532900
  0.00042702025381441  0.00047420873506653  0.00053006911985483  0.00061105043244279
  0.00071889338362591  0.00084541689219371  0.00099752559225412  0.00123548322314195
  0.00173837038318926  0.00259346948422111  0.02914595376034164  1.00000000000000000
 -0.00200146218503580  0.01010150090229489  0.02031241273722112  0.03117869283834385
  0.04242068341815843  0.05410503984957054  0.06545779654626648  0.07701972973318201
  0.08894832944320334  0.10078507278260236  0.11180732722191110  0.12236263456927302
  0.13318310691216848  0.14408329929076841  0.15449614415353219  0.16457580547277917
  0.17511199969899427  0.18612203976443698  0.19714331080960265  0.20738704393866764
  0.21727150750486582  0.22726055101534332  0.23759575838151450  0.24807991529162063
  0.25825087508500427  0.26826330939876802  0.27824535196726652  0.28816718510931405
  0.29808942961980894  0.30813314523359769  0.31826371548571941  0.32817550455932348
  0.33807658853503531  0.34838057245278503  0.35859353463012217  0.36834621535419904
  0.37808178227555372  0.38763396048300225  0.39793118484123607  0.40846720100375972
  0.41934263618240747  0.43008175578725288  0.44073703039544332  0.45105897299790121
  0.46152909541758452  0.47210154835078927  0.48298868677805940  0.49375990438533879
  0.50451087685321871  0.51553416213822356  0.52637824191412697  0.53707043623738415
  0.54731338240492378  0.55755415355183735  0.56770069200157558  0.57760507095484648
  0.58724870553475272  0.59642097134641925  0.60576634381570349  0.61570907799264496
  0.62622932894335670  0.63700280894899952  0.64750554590004217  0.65770551802944510
  0.66774296913586906  0.67767416351942233  0.68755535507455756  0.69748754895271714
  0.70757430348573258  0.71811833108943302  0.72900473055073034  0.73958993327047573
  0.74993237660081469  0.76053280253498201  0.77115300124219310  0.78195781476586723
  0.79274924233146160  0.80378395319444074  0.81479414763842128  0.82557726630860961
  0.83618122445431164  0.84665785795517512  0.85727664560657402  0.86826063440622203
  0.87927930644454377  0.89028989943758785  0.90118607404337181  0.91192794799422627
  0.92250092307090714  0.93324592870524303  0.94465365812285029  0.95610591609024254
  0.96740801762198447  0.97832612558885834  0.98922492640683579  1.00000000000000000
 -0.00242684369770456  0.01002265162369941  0.02017349898099790  0.03078246707964060
  0.04120504736794976  0.05129041552175745  0.06161736707082566  0.07247874942570275
  0.08341156165269416  0.09405366312276794  0.10499232878017586  0.11637774118380889
  0.12766847801108330  0.13857137136114625  0.14932187523420803  0.15968726906915773
  0.16970940183989078  0.17974412815570845  0.19003964170557794  0.20055792641111819
  0.21081677072913535  0.22085948109361139  0.23085391860086318  0.24091046359629745
  0.25112602148540802  0.26131559867423537  0.27165828747483217  0.28192239059559920
  0.29220764411500816  0.30260199443499397  0.31331371480323938  0.32434284578424255
  0.33545247528593780  0.34632210633521449  0.35625676893351726  0.36584506235299336
  0.37535855430267012  0.38542904194069366  0.39590650237825298  0.40643435504466124
  0.41693686762826371  0.42786002198425355  0.43876755657072342  0.44948562605256859
  0.46004277792719106  0.47053560333606193  0.48102081321841317  0.49151305541989998
  0.50206322832935923  0.51272375460942698  0.52325960612396882  0.53398372169478581
  0.54474488477138616  0.55482202895325150  0.56494087244515112  0.57511079270868692
  0.58579221212731125  0.59646733314488365  0.60737245714446342  0.61830684312043915
  0.62923201912423277  0.63999097282282946  0.65079225682044151  0.66142901457403869
  0.67203717054437229  0.68295711704631179  0.69382429716070726  0.70464891501174554
  0.71510707642328508  0.72548980910995176  0.73602664621940772  0.74631022059687924
  0.75654084884703610  0.76658662295468760  0.77672145411948246  0.78737802742933594
  0.79799006081429313  0.80860510859400681  0.81915414900971628  0.82890323004901822
  0.83857760883984378  0.84828197724233256  0.85851539700846435  0.86923546347943281
  0.88039226031418616  0.89200126449346973  0.90317218668705879  0.91346045414550814
  0.92389035537168496  0.93453540007023495  0.94552456096363069  0.95636162616634279
  0.96735647580312578  0.97846719040620644  0.98934830426709586  1.00000000000000000
  0.00135850658596294  0.00609277669188733  0.01025781512014937  0.01466603046681358
  0.01954416126130897  0.02507743415028719  0.03104882352851770  0.03710802695586114
  0.04346468760721406  0.05031325448203040  0.05731538126135709  0.06420277937085442
  0.07130472961878090  0.07825696870656206  0.08561018927695140  0.09319689468348288
  0.10097420679272762  0.10890361184860489  0.11698134328860962  0.12535062124497520
  0.13435295780607917  0.14357365574235942  0.15236366129776727  0.16091053930335428
  0.16958697052109833  0.17831949628973284  0.18711964848066293  0.19605139417040462
  0.20507404401378107  0.21451610621432171  0.22432838377627587  0.23446617278346182
  0.24493061744524081  0.25563791544163100  0.26666962870831695  0.27764625219283268
  0.28851700901371635  0.29959439185315156  0.31088623877516558  0.32207043882120812
  0.33311607156872730  0.34408080763522847  0.35506907043186148  0.36619916661453533
  0.37784108674356842  0.38980728189993691  0.40157648596071599  0.41330602404986067
  0.42498054145133118  0.43667387212700776  0.44810997646322154  0.45935697839079470
  0.47035643595611443  0.48169511600462367  0.49327389466552968  0.50481857945810427
  0.51621172703782259  0.52755575161152757  0.53912375345318397  0.55110700406365642
  0.56325176178857250  0.57555128635364250  0.58767972314129002  0.60002275842638608
  0.61210858385752531  0.62387318197953712  0.63602671285583379  0.64858005730267643
  0.66136729571285957  0.67405721547570918  0.68669774371641346  0.69929919869524215
  0.71197432126562865  0.72486450162774141  0.73758071645717838  0.74996394661139987
  0.76228628003518784  0.77463408020186908  0.78694812947522430  0.79930313138010567
  0.81169269990141801  0.82408334420590235  0.83657923131592882  0.84919720155731260
  0.86183810113298120  0.87457439411101567  0.88719608185775434  0.89972755250599690
  0.91233199174832225  0.92500733835588911  0.93772823150817808  0.95002264735033715
  0.96192988480015196  0.97392984008948069  0.98650789941703143  1.00000000000000000
 -0.00261689304779472  0.00984274880342978  0.01973199874063239  0.03009498050279979
  0.04057080412096407  0.05106450850883127  0.06186060448897671  0.07209626937969260
  0.08243690765796503  0.09262802058247366  0.10251344257928194  0.11258008458017039
  0.12302319575124047  0.13395201900022563  0.14478784514471721  0.15546337833800372
  0.16663256309085822  0.17784521672599812  0.18887514936114461  0.19961253253277844
  0.21023999613552591  0.22092061332762464  0.23152794885757974  0.24201790765554207
  0.25220049098221403  0.26204838385814583  0.27170454037565295  0.28159740463031080
  0.29189951072391823  0.30262464769564329  0.31334757676616271  0.32412321748528350
  0.33515987781414119  0.34628812420144578  0.35718422617499856  0.36792107878052610
  0.37879704591963592  0.38979484994297176  0.40084416930070876  0.41171845885526359
  0.42258802539779811  0.43342623140563419  0.44419303479188771  0.45492759002059979
  0.46540231590430159  0.47582284821029769  0.48626277853914740  0.49680584873657635
  0.50776612314916691  0.51896826618162295  0.53005149529258611  0.54068466521962910
  0.55078007923707772  0.56059581755173782  0.57035268176610177  0.58059225567636030
  0.59111744968433122  0.60201580016765344  0.61288291652767013  0.62368411774322929
  0.63468347039399764  0.64568631261966958  0.65693786052763870  0.66793324848911872
  0.67843247838419329  0.68881196357590724  0.69896185502956010  0.70923590557243132
  0.71929612210783034  0.72899454989111301  0.73863336290319281  0.74851752461673393
  0.75871019127157857  0.76905327449747996  0.77926955679851240  0.78959110401493848
  0.80004886960684907  0.81052893024083894  0.82089374467435750  0.83133568538317615
  0.84202818427473547  0.85308978710759087  0.86421394654282513  0.87521755116598143
  0.88600355439230993  0.89637132677145714  0.90653932151613659  0.91704675463000218
  0.92801698069919281  0.93883616968290229  0.94928858408127592  0.95961030784107215
  0.97010676345241864  0.98037546708429624  0.99036240030041967  1.00000000000000000
 -0.00203133612932797  0.00852162143113651  0.01800559046352995  0.02792492209149721
  0.03827526612423651  0.04852524528215895  0.05891437818166920  0.06978622626920426
  0.08083526260976509  0.09187627104267952  0.10312801825228608  0.11441880201111906
  0.12586767340593763  0.13676558881987069  0.14777720471417705  0.15841756798008036
  0.16877983282530107  0.17933942310527026  0.19012627625619236  0.20093835553167130
  0.21160293082627812  0.22180491329894877  0.23185413349212461  0.24205385616808969
  0.25248864776174801  0.26321818956216403  0.27408777297385628  0.28472765433541952
  0.29557250231286825  0.30606439806272490  0.31684941387918358  0.32729995613718488
  0.33716517041906335  0.34725400933207717  0.35744974260948431  0.36833321044847156
  0.37949631489729363  0.39056849939881966  0.40141309957612042  0.41208071418434222
  0.42269153303240159  0.43361086285710498  0.44420776689974628  0.45475523272026103
  0.46502778508966530  0.47513117528307980  0.48526976827052060  0.49560520554718351
  0.50589796900343675  0.51606787826669465  0.52618758009602029  0.53642643821348568
  0.54685552343717780  0.55701002646362596  0.56707360382744088  0.57733914788620067
  0.58796340376316780  0.59861164279753487  0.60917039216116353  0.61948855818977011
  0.62989449559518074  0.64046819151173873  0.65139118900800608  0.66252620792082562
  0.67361703961404418  0.68456364876043085  0.69561613510897280  0.70669622037207558
  0.71744232055360346  0.72773478583237006  0.73812746711829025  0.74858898281051311
  0.75902298566425408  0.76927090783795560  0.77956341148393771  0.78981926159109439
  0.80008993298950648  0.81041744953604566  0.82133418628011590  0.83187964398096115
  0.84234743403518664  0.85274388127857159  0.86329548517414512  0.87390380317781768
  0.88420929999468934  0.89435165441680597  0.90423327964990452  0.91418305182968618
  0.92475679685695544  0.93557724386740859  0.94633682689115661  0.95665661293877602
  0.96730028756235598  0.97793843717480056  0.98900126543958244  1.00000000000000000
  0.49730453247934220  0.59624093571817527  0.66308301529079516  0.69670584824212001
  0.69845580537770902  0.70169038398806094  0.70660223793696453  0.71164115590550103
  0.71600381122020107  0.72038565741511185  0.72490884154208901  0.73005208420450296
  0.73537335424703598  0.74039957806400680  0.74513600658683221  0.74983313010200314
  0.75423132821350691  0.75847285649360496  0.76286067308684080  0.76731618138900870
  0.77172934299553653  0.77578988536692539  0.77976940929681104  0.78372813943141817
  0.78772411724449576  0.79163081484411679  0.79542121890383144  0.79913342065012338
  0.80273140398191356  0.80619144604540383  0.80963590291547594  0.81313050686824895
  0.81658432954817617  0.82002571225425869  0.82336612179383672  0.82666414724163351
  0.82995082970983214  0.83322823639875088  0.83638274414876845  0.83954526283361919
  0.84268051816647715  0.84573068432860266  0.84869436034960610  0.85162787750967162
  0.85455734733129818  0.85754132168697461  0.86054058869556438  0.86355323156680674
  0.86656203314984837  0.86953307669390634  0.87252908241092864  0.87548239140680040
  0.87843161556252725  0.88129508733945316  0.88409678504617661  0.88685630143323280
  0.88954471758987563  0.89223189403867342  0.89495399505492279  0.89775646556248190
  0.90054261791292145  0.90327136637816330  0.90592221932516448  0.90852893468420515
  0.91114636052800013  0.91379898262473513  0.91645224152295524  0.91910472559765188
  0.92169839733463443  0.92427881098706022  0.92686248512322866  0.92947085829873211
  0.93207337138243773  0.93467067931718129  0.93723804061812221  0.93979030717289047
  0.94230104695575900  0.94479377302314405  0.94731697180459684  0.94986758855999831
  0.95239450938948433  0.95486046912035694  0.95733640643706330  0.95990611701491468
  0.96258283238414832  0.96526178326565049  0.96790415564777332  0.97056820026160917
  0.97329384834910715  0.97611034627162641  0.97913446184497133  0.98241755282898457
  0.98598757114666424  0.98991268464326720  0.99462822109967852  1.00000000000000000
  0.08800063244397394  0.11508308165520607  0.13871804107337990  0.15610367530431607
  0.17182810891966938  0.18533105852411277  0.19613906352101815  0.20576240511741767
  0.21516110388898260  0.22418878617142096  0.23293768960329669  0.24115135779502331
  0.24921266495676644  0.25713059619730261  0.26462440243499635  0.27189017973407331
  0.27921473239903183  0.28712312641457632  0.29533400993533598  0.30350513772338489
  0.31135663162202604  0.31871242847602671  0.32581925265220418  0.33278294609459880
  0.33946253796867870  0.34599223309586502  0.35248591539839214  0.35897533451184321
  0.36534224502739066  0.37147933614759654  0.37748135773270558  0.38349561680125072
  0.38957192773850630  0.39575984974063555  0.40204515795136891  0.40832653879494735
  0.41456541249783735  0.42064070460820796  0.42659139383201383  0.43263876696918840
  0.43872298606368315  0.44471942948674809  0.45063653104973700  0.45656572837422799
  0.46256635361443665  0.46870553510255814  0.47450697921630403  0.48011335909595892
  0.48565723311970249  0.49137162803500301  0.49715274193541176  0.50306668364771734
  0.50885749134882774  0.51447036731326423  0.52003314175419468  0.52565221371067039
  0.53149089040474740  0.53753692140457876  0.54357498197720167  0.54949980600780968
  0.55540306699559838  0.56142311451867022  0.56751622331688623  0.57369334214980205
  0.57991181168244477  0.58609474578621135  0.59227224092594122  0.59847283527945483
  0.60479554716372663  0.61131700174548420  0.61789723079347469  0.62457040993530155
  0.63140976132804527  0.63823333777041014  0.64523082240354823  0.65237979713294514
  0.65964876264350392  0.66697643348691504  0.67453667152298691  0.68255065557111272
  0.69110642318045790  0.69976411805062644  0.70851309639897264  0.71766086388253025
  0.72729324730767164  0.73767180413027678  0.74837704578652808  0.75926115579157871
  0.77084183861266153  0.78360261085695482  0.79763823341787154  0.81288451428972941
  0.83058419033676656  0.85232195970605762  0.88856630632876621  1.00000000000000000
   7.4164241528650016E-005  -1.0000000000000000     
 F F F F F F F F F F F F F F F F F F F F F F F F F F F F F F F F F F F F F F F F F F F F F F F F F F F F F F F F F F F F F F F F F F F F F F F F F F F F F F F F F F F F F F F F F F F F F F F F F F F F F F F F F F F F F F F F F F F F F F F F F F F F F F F F
  <DiscreteSampler_grid>
  grouped_processes
  1 # 1 for a reference and 2 for a running grid.
  10 # Attribute 'min_bin_probing_points' of the grid.
  1 # Attribute 'grid_mode' of the grid. 1=='default',2=='initialization'
  0.0000000000000000 # Attribute 'small_contrib_threshold' of the grid.
  0.5000000000000000 # Attribute 'damping_power' of the grid.
 # binID   n_entries weight   weight_sqr   abs_weight
    13   10   5.588174619614205E+001   2.390058382411042E+004   5.588174619614205E+001
    16   10   7.057691279217286E+001   3.785396680985879E+004   7.057691279217286E+001
    22   10   4.947195510436423E+001   1.828983482959932E+004   4.947195510436423E+001
    25   10   6.430372102174371E+001   3.117596451353808E+004   6.430372102174371E+001
  </DiscreteSampler_grid>
