  0.00000010492157560  0.00000012553754797  0.00000014055501778  0.00000015168801813
  0.00000017547235048  0.00000020837395590  0.00000024398864892  0.00000028148851321
  0.00000032461623723  0.00000037161103608  0.00000042189608233  0.00000048001423930
  0.00000054532897817  0.00000061829239274  0.00000069379020793  0.00000077710763746
  0.00000086891475995  0.00000098112408280  0.00000111500080916  0.00000125966379530
  0.00000141150022071  0.00000156683528445  0.00000173375729386  0.00000192496818259
  0.00000214921949264  0.00000240233309888  0.00000266992683116  0.00000296823453654
  0.00000329820485786  0.00000363245570968  0.00000400466161399  0.00000444177450717
  0.00000499188703143  0.00000565104006761  0.00000640524260208  0.00000727646950002
  0.00000827933904292  0.00000942321688876  0.00001076862822799  0.00001229918993526
  0.00001408085504539  0.00001613574454976  0.00001872993344126  0.00002175399539363
  0.00002496595040513  0.00002840431461011  0.00003201634149484  0.00003586998234962
  0.00004021175156164  0.00004533730157047  0.00005121077531136  0.00005771190130971
  0.00006543434168880  0.00007435479731003  0.00008449990641093  0.00009632928000381
  0.00011015327556333  0.00012591829474251  0.00014318306376886  0.00016179187262918
  0.00018164512748873  0.00020296641102890  0.00022711570652885  0.00025511002216418
  0.00028614745683525  0.00031849150537727  0.00035304651968318  0.00039396653583661
  0.00044056005767128  0.00049320688409198  0.00055116625265373  0.00061208455020269
  0.00067597523551653  0.00074222358490006  0.00082563854215127  0.00090472968013582
  0.00098880448499831  0.00107468856548466  0.00116318687642320  0.00126537432584284
  0.00136108154973116  0.00148020735367122  0.00161895856025760  0.00176548952165466
  0.00192661069404407  0.00211243620865569  0.00229583670523248  0.00251684893333116
  0.00282996535534881  0.00327603795739982  0.00444000204544219  0.00590829088893051
  0.00756810684232352  0.01045059573568768  0.11137830032574481  1.00000000000000000
  0.00000298301307208  0.00000303506354867  0.00000313031236039  0.00000322709353723
  0.00000335272256042  0.00000348601754000  0.00000362650252359  0.00000377057801201
  0.00000391955273186  0.00000407376695318  0.00000422773428317  0.00000441029109597
  0.00000461525136686  0.00000481357462583  0.00000501981943271  0.00000523087564312
  0.00000546358214152  0.00000568585711081  0.00000593239697247  0.00000619906043090
  0.00000647444750235  0.00000677011211259  0.00000708557074792  0.00000740674830704
  0.00000773920937118  0.00000809680280348  0.00000847473069844  0.00000886846930242
  0.00000929421920464  0.00000973900204470  0.00001018059848069  0.00001064908876509
  0.00001115361253037  0.00001169260721174  0.00001224315609375  0.00001281705334100
  0.00001342853602250  0.00001404298395281  0.00001471797123606  0.00001545558627527
  0.00001620702743200  0.00001696241566725  0.00001777118256871  0.00001864188552411
  0.00001951317880294  0.00002050291040190  0.00002153385874921  0.00002259297532752
  0.00002378068043732  0.00002511879665496  0.00002653811503729  0.00002806874224716
  0.00002969448171291  0.00003142127651709  0.00003346181946325  0.00003566304681888
  0.00003823284909685  0.00004094951542043  0.00004385398887621  0.00004687056441397
  0.00005004213432256  0.00005326315735799  0.00005675802413421  0.00006071591950192
  0.00006480245889726  0.00006924639764963  0.00007428539948201  0.00008029480544981
  0.00008714633521201  0.00009448945826525  0.00010281857660714  0.00011270497660585
  0.00012377872754136  0.00013755336090445  0.00015438392836558  0.00017189633275507
  0.00019060035732224  0.00021285280774229  0.00024258294549240  0.00027674243200364
  0.00030299638763259  0.00033271956408871  0.00036572279753469  0.00040341384152455
  0.00048851663518190  0.00061790679083077  0.00076245366630574  0.00087015091165676
  0.00096491860610717  0.00107181142985136  0.00126876720282888  0.00158484560090102
  0.00210044408544339  0.00313938011240667  0.02081013587916711  1.00000000000000000
  0.00000130040694577  0.00000187482455984  0.00000256779575664  0.00000323683772427
  0.00000397547136621  0.00000478290880699  0.00000566295040577  0.00000667431401697
  0.00000779506393289  0.00000903411951366  0.00001038817698775  0.00001186693266787
  0.00001347965151634  0.00001519615535663  0.00001700894220045  0.00001890653759146
  0.00002088481747614  0.00002304714593609  0.00002544714397100  0.00002802993439290
  0.00003077132221775  0.00003363551879498  0.00003680553160208  0.00004018728317667
  0.00004364733216576  0.00004729992868795  0.00005122924723673  0.00005545836072279
  0.00005991930039597  0.00006445969316739  0.00006977218174039  0.00007537321002475
  0.00008101522190900  0.00008679359300745  0.00009275532987641  0.00009901421784908
  0.00010557497964157  0.00011209541351857  0.00011923275082017  0.00012692245525567
  0.00013516432851832  0.00014465915484974  0.00015535592837522  0.00016673136586196
  0.00017990562033287  0.00019338430555957  0.00020746515974703  0.00022226739197762
  0.00023815000930378  0.00025551182824804  0.00027280773252637  0.00029050752040132
  0.00030794715587711  0.00032196238098407  0.00033535979590663  0.00035041405972716
  0.00036746971360099  0.00038453726012340  0.00040579394530143  0.00043251714128775
  0.00046209718288276  0.00049701624043285  0.00053283204492908  0.00057070385681007
  0.00060764243962954  0.00064087716782818  0.00067046719064597  0.00070798259196004
  0.00076144410020647  0.00080717059636322  0.00084820400489367  0.00088329484099208
  0.00091558291221279  0.00094970032452645  0.00099556906082207  0.00105752189588943
  0.00114983816729240  0.00130567435111051  0.00151883914209918  0.00175436487833829
  0.00198208397509349  0.00219567330034409  0.00234812976047490  0.00250058622060572
  0.00263782759393161  0.00277464642465470  0.00302037543492899  0.00330374435471542
  0.00369062286295152  0.00430973043008056  0.00541856366754247  0.00652203743345944
  0.00776765692126651  0.00965036447220196  0.01457603604148459  1.00000000000000000
 -0.00242848514092658  0.01000042159979918  0.02028276495642973  0.02987943298558162
  0.03908677698057375  0.04882215645233829  0.05933489314597958  0.07057208472715970
  0.08234886900869372  0.09445737155819127  0.10618609267412435  0.11700365893492573
  0.12729095211185321  0.13684500144118047  0.14642676675711991  0.15620020432711731
  0.16652822696331374  0.17720515970338702  0.18799720147617341  0.19887932729808355
  0.20974409613352485  0.22072539533263752  0.23154273259297278  0.24200435807942505
  0.25236046347611346  0.26298134444566990  0.27440771560361210  0.28656875139444599
  0.29849524674466832  0.31064002906659766  0.32106026997366471  0.33156369703736271
  0.34136862389156458  0.35176061988137058  0.36245874989547661  0.37297524942973170
  0.38381008170670905  0.39484668245852922  0.40660377898641881  0.41760976462671906
  0.42839187693760222  0.43921541627697169  0.45057271479046013  0.46138907613531699
  0.47144420107053070  0.48172669364225967  0.49266539060721959  0.50383996857504265
  0.51454083882864299  0.52553503530689827  0.53707907709868108  0.54915954063089756
  0.56060158383825820  0.57082849638964106  0.58069877517354429  0.59080279035588990
  0.60037502643366203  0.60890829848893513  0.61713158320803085  0.62536000159386296
  0.63402966366461244  0.64311410936605440  0.65243747458293821  0.66292726347174913
  0.67368617979602685  0.68491302047036040  0.69600733207617937  0.70739946358318739
  0.71944392376131228  0.73095927576731834  0.74109560498442562  0.75131910624413833
  0.76132178467026801  0.77238953564446877  0.78316720689822605  0.79359174269579824
  0.80288709866944052  0.81188263046947873  0.82200109172372016  0.83294093696576921
  0.84356134464466415  0.85419964298282036  0.86514640340014415  0.87565242952264988
  0.88513494567504047  0.89477059226327615  0.90488565191210846  0.91662989014591001
  0.92710831946139149  0.93697131054651162  0.94627084999240596  0.95571056452459469
  0.96584573282664243  0.97663128577237190  0.98837075186762058  1.00000000000000000
 -0.00284080644187761  0.01210149716867836  0.02434588773865987  0.03363206173914843
  0.04338045512814551  0.05325612512423797  0.06437166002974158  0.07646515255955905
  0.08808202745322576  0.09952640644535544  0.11080238323755462  0.12071534447873768
  0.12991260673041413  0.13885986305815301  0.14808111515742273  0.15871996474927619
  0.16908741838790378  0.17963919110406612  0.18933390781312132  0.19896881594050433
  0.20870344185848264  0.21885157093019356  0.22921866403730212  0.23927200749506705
  0.24996459042912686  0.26106077056837218  0.27298867390385506  0.28499534325676912
  0.29532934001252775  0.30464081722459085  0.31353366516008307  0.32265628511097777
  0.33303843098297115  0.34398486449489157  0.35475131017831141  0.36516776996792849
  0.37608995660690930  0.38676824920421987  0.39874641382370601  0.41000860759782937
  0.42109606827168833  0.43172106729170051  0.44263432349988879  0.45367774180153125
  0.46365283479563452  0.47375270544250025  0.48432022583966156  0.49515497358996308
  0.50600811014353919  0.51562374290985657  0.52557684875976296  0.53564436345227395
  0.54650038523491984  0.55707563665669779  0.56738685885059392  0.57768791692353705
  0.58846186933376499  0.59967090826974134  0.61117509119033864  0.62262320665258086
  0.63306678784495785  0.64373485927664031  0.65467167057760001  0.66595285693823136
  0.67651845941176991  0.68660669662809848  0.69692058237461429  0.70727975278110700
  0.71794559700500638  0.72871041018912153  0.73953091951384198  0.75025958878159715
  0.76030470305688291  0.77015590846519211  0.78006121467319689  0.78983907372367024
  0.79989851036981319  0.81001217527924041  0.82012541939865369  0.83034310173579917
  0.84061729914866590  0.85080959477053908  0.86030459885610555  0.86958425479377033
  0.87926374597808310  0.88956798200133258  0.90014617707061861  0.91081088899271812
  0.92223122832629234  0.93342537168477901  0.94406242038655119  0.95466746618926834
  0.96532390822991909  0.97651458170499639  0.98755448634789256  1.00000000000000000
 -0.00223667344347302  0.00865888972203485  0.01780972111861252  0.02714558768001660
  0.03702609518824614  0.04779985801223545  0.05987130660258673  0.07040012403861268
  0.08060460107821012  0.09062727750065545  0.10155333331725715  0.11136149538217971
  0.12127895366670047  0.13169608203452707  0.14313800076819438  0.15306485251192029
  0.16269505464438180  0.17227021060067585  0.18171004427930365  0.18988378663656608
  0.19775786972551346  0.20589296363700843  0.21590774736364449  0.22806335253455934
  0.24023499374608537  0.25202647339427287  0.26320971971796969  0.27346151132113183
  0.28297665235609465  0.29241913069703745  0.30194715323003340  0.31180188915171009
  0.32191645673561953  0.33216457784527520  0.34314717136537687  0.35464612690125352
  0.36632113428800711  0.37765482600580680  0.38841408983405729  0.39953443388825377
  0.41105884218176153  0.42138689470772089  0.43119866814264740  0.44107082410648724
  0.45161103760010218  0.46303687501832325  0.47449030062668829  0.48510494217636185
  0.49467801155586733  0.50390804693547242  0.51299446577989005  0.52313402926144725
  0.53294294500689843  0.54259233975608157  0.55176521259759970  0.56291215678632101
  0.57450593725071908  0.58540261410046368  0.59634315513157243  0.60803546089832217
  0.62005469338802288  0.63151816320341791  0.64259374856856510  0.65381401652547477
  0.66538577983825742  0.67665314465054294  0.68778911643495089  0.69946622943671000
  0.71198300275955950  0.72438974307630777  0.73679186400211538  0.74867323823907883
  0.76030073319157876  0.77069730181125984  0.78039046911278254  0.79039021026570211
  0.79911142968497151  0.80955847385680579  0.82050466802642263  0.83188637454304082
  0.84312706109727453  0.85391012911297859  0.86462582896557061  0.87492506870216546
  0.88487533207787372  0.89431699391104369  0.90400611855931023  0.91394962944940850
  0.92399709731445701  0.93367258378890727  0.94425557515617975  0.95549535940964248
  0.96634872025446661  0.97738047967206432  0.98860635723877976  1.00000000000000000
 -0.00012328740641973  0.00007837251907598  0.00028003244457168  0.00046608512298699
  0.00065043663468418  0.00076412960346662  0.00086347087815981  0.00096211434257070
  0.00106024151212268  0.00115845815562110  0.00125689697434798  0.00135533579307485
  0.00145744176717014  0.00155958492376123  0.00164074229407116  0.00171584661007252
  0.00179095092607389  0.00186660741366238  0.00194260946732440  0.00201861152098641
  0.00209476287872172  0.00217110317829927  0.00224744347787681  0.00233682954161882
  0.00245263128653495  0.00256763800559242  0.00268091030860979  0.00279534870856740
  0.00291345415684425  0.00303220107549658  0.00315376815540252  0.00327712198698706
  0.00340819861898890  0.00353578086970278  0.00365705271455190  0.00377516791293210
  0.00388812354895034  0.00400193944137481  0.00411931572484368  0.00423750324960512
  0.00436996390476947  0.00450666107431355  0.00467080315708042  0.00484267019268702
  0.00502273214711058  0.00524223622218516  0.00545723545785359  0.00567557453771532
  0.00593474107262953  0.00620264121865101  0.00648167266094167  0.00660267147176502
  0.00665976911861539  0.00673391009494717  0.00683334402337472  0.00692233013930303
  0.00700324958686487  0.00708985963888628  0.00719424813425513  0.00730890189805957
  0.00743292508695147  0.00750906364530404  0.00758526519773686  0.00766615924385516
  0.00777100107467622  0.00786515856728443  0.00795427879709365  0.00803663639567192
  0.00811108401637820  0.00852516416293381  0.00935058806897269  0.00971343293508880
  0.01007718600698480  0.01042404806614803  0.01070079169161501  0.01090646227148616
  0.01108587128739011  0.01125734231656164  0.01143660158501341  0.01170111341957212
  0.01205081115570266  0.01516367021951816  0.01544657737493247  0.01571474997789259
  0.01606999271476190  0.01651739489588490  0.01718934125293112  0.01803539268961185
  0.01851448024370535  0.01936143103191393  0.02037868406403298  0.02304597785592474
  0.02633836719388637  0.02740047898522752  0.16757153954403683  1.00000000000000000
 -0.00245079273769078  0.00983289024245844  0.01938069999370474  0.02953937842869110
  0.03898964193249743  0.04820131531931644  0.05746743580026054  0.06667753645728600
  0.07590343749825523  0.08524251924512262  0.09489550479946855  0.10526896461090739
  0.11609732808345122  0.12778887761800306  0.13999701968979703  0.15120311261797814
  0.16171675354516724  0.17289691214674968  0.18476402026497105  0.19647278897036888
  0.20746801751597527  0.21914956084530288  0.23099988902637192  0.24317571313871009
  0.25492795146071717  0.26683154209811005  0.27869326820003365  0.29050331076084807
  0.30134461711611515  0.31199810337367329  0.32292405265048646  0.33454040577681959
  0.34679085314405128  0.35909688637377335  0.37077349012075561  0.38174378600231551
  0.39115954429619426  0.39979820925030046  0.40853530341722866  0.41797569244906052
  0.42833306205347083  0.43926510350562276  0.44891107202615776  0.45852269525480244
  0.46727286428825765  0.47746406380970124  0.48723137970502189  0.49640925102737748
  0.50563731893257013  0.51477001685633894  0.52304930164788410  0.53099336180625623
  0.53935534425667364  0.54869750044810606  0.55939998672162616  0.57057559633068133
  0.58088910503662661  0.59118224624780780  0.59957937876163159  0.60802498964672225
  0.61672945521401612  0.62618175932785536  0.63653691797796075  0.64739265439954718
  0.65851974258686419  0.66941762383668357  0.68016394812809922  0.69125127170965095
  0.70289857202776618  0.71479607123868716  0.72679624661423403  0.73833562925720486
  0.74976654266688725  0.76219335129727273  0.77478803140990915  0.78772711181263555
  0.80024550976128372  0.81228955350858256  0.82390010382159762  0.83584520993563294
  0.84817709761756688  0.86062546653453054  0.87271449347447416  0.88370770704125756
  0.89436014424669907  0.90508219270636159  0.91529301328846191  0.92416828186439837
  0.93287622508171530  0.94263021625787347  0.95392407159084236  0.96381794621597416
  0.97261177383293851  0.98132908080733394  0.99067307877487254  1.00000000000000000
  0.37864845160016863  0.42914293692000366  0.43916428711197253  0.44996786286358792
  0.45910038431790512  0.46722668501017506  0.47546932593231256  0.49174999295894850
  0.50375040350862188  0.51433542313709835  0.52441249257592282  0.53290630492302349
  0.54114535235333927  0.54830977832905514  0.55591398671980941  0.56346622274404312
  0.57102321355784869  0.57826577262888901  0.58537790415206381  0.59294224429696529
  0.60077924080725797  0.60874296970275954  0.61656378677641066  0.62427991663220128
  0.63178757158549126  0.63935497863544399  0.64674468028859711  0.65386321530663361
  0.66076740519553545  0.66734513863091915  0.67361133827683917  0.67990930758380719
  0.68617657426379997  0.69270418334836503  0.69920059064623163  0.70566824059202915
  0.71214359430691032  0.71858985388370467  0.72478293703847552  0.73086656159462871
  0.73685239282195403  0.74288938899834023  0.74895218735164171  0.75501737617407483
  0.76090951653245253  0.76656256482710128  0.77207397280170509  0.77752086988529001
  0.78305763962630492  0.78888412948919917  0.79492537117729078  0.80090812925975197
  0.80677723259711587  0.81249174686077297  0.81837728201282545  0.82421964999506070
  0.82995991287369875  0.83547300104350553  0.84072729428127713  0.84605816415802360
  0.85138478334154044  0.85642415644667225  0.86111357592082194  0.86591049436850476
  0.87071457606881253  0.87548793098688948  0.88007940435642484  0.88443156163617609
  0.88873372995808730  0.89290313720374048  0.89714187175334537  0.90147529723121445
  0.90586457874052784  0.91011984803844459  0.91420808851744029  0.91822622980665858
  0.92228810082627477  0.92644571339429937  0.93069817163850999  0.93504819965112429
  0.93945718186305327  0.94395616420020811  0.94800162231198293  0.95198503906830001
  0.95595127376754940  0.95995886978246170  0.96392055252164044  0.96771224617859630
  0.97134275203314502  0.97489254494981026  0.97863067223853062  0.98247251057605600
  0.98640399910382515  0.99052349528295069  0.99503059078354594  1.00000000000000000
 -0.01861139776757456  0.13912600956644122  0.18559067901700113  0.21806627276271159
  0.24492936242985444  0.26794336073959912  0.28823252249331099  0.30567799711937133
  0.32135945095151452  0.33599837682285183  0.34974824597693394  0.36296863149364772
  0.37602422315477740  0.38876724075559532  0.40155207253768671  0.41366976607049949
  0.42551173066445835  0.43700632956734742  0.44793893249143973  0.45833279469401633
  0.46829318797755892  0.47810434506830890  0.48784249762488469  0.49761311563252414
  0.50686208798736287  0.51555711770415780  0.52412453959455363  0.53229155198771916
  0.54021850872481780  0.54789430479709234  0.55568380294928377  0.56357929183716482
  0.57152230046636865  0.57931681349186925  0.58650648748180756  0.59309860639153034
  0.59955121773300324  0.60615537058835856  0.61308467621119578  0.61963737575101319
  0.62565577433607367  0.63138968144413399  0.63746375313683445  0.64413123713698273
  0.65050734946790845  0.65666732024384256  0.66244622778555895  0.66814859681192185
  0.67325720385372689  0.67835196812840082  0.68351643940319362  0.68878787835732713
  0.69423051378262290  0.69940412297894750  0.70465121101397687  0.71018227516833954
  0.71591623766010692  0.72103447132490794  0.72558451623200160  0.72987664504619088
  0.73365237760877522  0.73807074121531657  0.74299409986238163  0.74774140129837308
  0.75197096765634219  0.75591529573655869  0.76005593978486086  0.76449527130356731
  0.76881656505410245  0.77280257385404783  0.77659210632656084  0.78031804707034669
  0.78355159676315322  0.78712046042410821  0.79095528628519718  0.79493942013147190
  0.79918987177386736  0.80331999009701938  0.80668720559446216  0.80875077498031989
  0.81081434436617772  0.81311578656829242  0.81543311279539965  0.81803442407522053
  0.82074690793192218  0.82455420208134123  0.82910939285482388  0.83362027377811976
  0.83793235080650719  0.84253159920810261  0.84700259834565161  0.85195146655248122
  0.85638462909400659  0.86022210223911744  0.86279202447973813  1.00000000000000000
   4.7491139064017598E-006  -1.0000000000000000     
 F F F F F F F F F F F F F F F F F F F F F F F F F F F F F F F F F F F F F F F F F F F F F F F F F F F F F F F F F F F F F F F F F F F F F F F F F F F F F F F F F F F F F F F F F F F F F F F F F F F F F F F F F F F F F F F F F F F F F F F F F F F F F F F F
  <DiscreteSampler_grid>
  grouped_processes
  1 # 1 for a reference and 2 for a running grid.
  10 # Attribute 'min_bin_probing_points' of the grid.
  1 # Attribute 'grid_mode' of the grid. 1=='default',2=='initialization'
  0.0000000000000000 # Attribute 'small_contrib_threshold' of the grid.
  0.5000000000000000 # Attribute 'damping_power' of the grid.
 # binID   n_entries weight   weight_sqr   abs_weight
    13   10   3.091914772168997E+002   7.259316749538752E+005   3.091914772168997E+002
    14   10   3.091914772169003E+002   7.259316749538784E+005   3.091914772169003E+002
    16   10   7.684238981289373E+001   4.535152689130324E+004   7.684238981289373E+001
    17   10   7.684238981289390E+001   4.535152689130349E+004   7.684238981289390E+001
    22   10   3.091914772168996E+002   7.259316749538749E+005   3.091914772168996E+002
    23   10   3.091914772169003E+002   7.259316749538786E+005   3.091914772169003E+002
    25   10   7.684238981289374E+001   4.535152689130326E+004   7.684238981289374E+001
    26   10   7.684238981289387E+001   4.535152689130344E+004   7.684238981289387E+001
  </DiscreteSampler_grid>
