  0.00000010490134655  0.00000021213675795  0.00000025664785367  0.00000030824878425
  0.00000036760695145  0.00000042939548688  0.00000049212489095  0.00000055651092761
  0.00000063188889830  0.00000071504747344  0.00000080298610961  0.00000089647375751
  0.00000099858353722  0.00000111202141567  0.00000123781748847  0.00000138079805332
  0.00000153619963407  0.00000170440115750  0.00000189528747124  0.00000211405282473
  0.00000235699908765  0.00000263031481842  0.00000293371955677  0.00000326177627180
  0.00000365325074799  0.00000407982957670  0.00000454396781735  0.00000504803492146
  0.00000567385263213  0.00000640287006251  0.00000714888157509  0.00000800954871051
  0.00000897289491620  0.00001008243468828  0.00001128771103642  0.00001254637479419
  0.00001387626926603  0.00001531185473174  0.00001686855300787  0.00001861004707611
  0.00002063496693803  0.00002293334000075  0.00002553140688463  0.00002812245372225
  0.00003082266983475  0.00003381452152400  0.00003748564647860  0.00004148504410836
  0.00004566643409978  0.00005029816906959  0.00005555571504168  0.00006146634705021
  0.00006793124515300  0.00007529549242700  0.00008328497476838  0.00009248942791756
  0.00010272558421760  0.00011369859524897  0.00012550935669415  0.00013750202473182
  0.00015006210020624  0.00016436684426482  0.00017985131956197  0.00019911683652673
  0.00022151103471711  0.00024975865991307  0.00027957976620784  0.00030996295977199
  0.00034096502519328  0.00037694626226289  0.00042269879037165  0.00048209838389495
  0.00053952544663234  0.00059872348455254  0.00066081664077371  0.00072868645731913
  0.00080225989553780  0.00087495093652941  0.00093935521392673  0.00100164044627249
  0.00107322033729058  0.00116491343749259  0.00126403945875395  0.00136502324347443
  0.00147433190971859  0.00161583908759366  0.00184111243337520  0.00213941873820427
  0.00254582516892245  0.00301871223870895  0.00352280930227975  0.00423731964227228
  0.00529924144285025  0.00722626085090240  0.42518711032738882  1.00000000000000000
  0.00000247342365977  0.00000256037694099  0.00000264453220993  0.00000273036496459
  0.00000281954456062  0.00000291353325583  0.00000300927683822  0.00000310086571354
  0.00000319905335194  0.00000330494798769  0.00000341547411213  0.00000352434432042
  0.00000363300663503  0.00000374582245980  0.00000386667527494  0.00000399212661290
  0.00000411377019706  0.00000423144614675  0.00000434508023386  0.00000446706722556
  0.00000459551310212  0.00000473026669324  0.00000486889079987  0.00000502024097349
  0.00000518781227670  0.00000536282929468  0.00000553967414392  0.00000570986482954
  0.00000589922063981  0.00000609758641178  0.00000629814102774  0.00000649964145399
  0.00000670870461791  0.00000694433397474  0.00000720732423624  0.00000747350284851
  0.00000773611928974  0.00000801111931113  0.00000829746854107  0.00000859306174287
  0.00000889841837259  0.00000923914630172  0.00000962714526555  0.00001002362791414
  0.00001042776408530  0.00001085914702807  0.00001132802300978  0.00001181239376712
  0.00001232003470550  0.00001285007742031  0.00001337203836657  0.00001391644792027
  0.00001452197012319  0.00001521398125697  0.00001594434197647  0.00001669802938211
  0.00001750513478788  0.00001832735773469  0.00001921796888498  0.00002031910224605
  0.00002156855815769  0.00002299360428217  0.00002461804697253  0.00002637468709221
  0.00002843768524110  0.00003066089689649  0.00003315942391738  0.00003574524046285
  0.00003859722072223  0.00004196651268720  0.00004583703800062  0.00005029678215196
  0.00005531382940072  0.00006097181173269  0.00006677933857872  0.00007183074103482
  0.00007749307254372  0.00008390379866915  0.00009266788427923  0.00010336525757773
  0.00011752260210708  0.00013456056931552  0.00015319969655146  0.00017623572191400
  0.00020599546909118  0.00024545489626733  0.00029720303221343  0.00037392758429076
  0.00048896944576768  0.00063185975202448  0.00085576088312599  0.00131931159807349
  0.00190821709001435  0.00324450687935312  0.19238092752936209  1.00000000000000000
  0.00000079108964834  0.00000186304434521  0.00000261598701224  0.00000345032407042
  0.00000441468760666  0.00000551364125294  0.00000674320150190  0.00000813424031812
  0.00000971401671980  0.00001150277257650  0.00001346598393375  0.00001559482145244
  0.00001794945641216  0.00002055229105495  0.00002337706905597  0.00002639211215318
  0.00002960919948924  0.00003315066576726  0.00003716465347696  0.00004161358093611
  0.00004633926850669  0.00005137256889678  0.00005672187202372  0.00006261112453266
  0.00006866240875988  0.00007485740937666  0.00008108827806617  0.00008770051897611
  0.00009476314637540  0.00010208751233358  0.00010978854740144  0.00011801617749143
  0.00012691023145773  0.00013640656261954  0.00014628112128566  0.00015652702221764
  0.00016753717963047  0.00017908875648465  0.00019134499003515  0.00020511337679522
  0.00022002112401604  0.00023544776345247  0.00025074264369921  0.00026737949706067
  0.00028609980615140  0.00030662364072941  0.00032895253025955  0.00035095492426797
  0.00037014414100923  0.00038907514542058  0.00040947465140621  0.00043001342191959
  0.00045342240442684  0.00048033115148405  0.00050906260646565  0.00054029754948528
  0.00057287516191912  0.00060740320024140  0.00064357393937467  0.00067983229442663
  0.00071568598418828  0.00075136098281911  0.00078805702234919  0.00083044723921944
  0.00087883860099425  0.00093234121054144  0.00099591138957827  0.00107455698915075
  0.00115154268677143  0.00122855431989378  0.00129323337397062  0.00135882744711243
  0.00142881485844313  0.00149562288599352  0.00156390781210927  0.00163855308072724
  0.00173105346009073  0.00182892271776815  0.00202921754954855  0.00211447331752487
  0.00219973145262487  0.00228501463426909  0.00237029781591332  0.00247320157342467
  0.00259320958311250  0.00271321759280033  0.00282497495288822  0.00293785345184632
  0.00307315923060487  0.00321912993148469  0.00337522010984345  0.00356437159850912
  0.00397327123977909  0.00564771601918113  0.12333581680366149  1.00000000000000000
 -0.00166960345436357  0.00906794727343395  0.01825006038687032  0.02759598093725598
  0.03643703440543945  0.04522553096102370  0.05414723995266735  0.06322257648946308
  0.07249063485744017  0.08210247226398086  0.09180509566800965  0.10280294042335408
  0.11371337395536479  0.12438488179354891  0.13329221140679845  0.14215449761467039
  0.15123320061628906  0.15885193231658065  0.16616444589852489  0.17344466865807212
  0.18091820394951144  0.19131677199968902  0.20313824317813534  0.21534447840746831
  0.22716406767571526  0.23850342468756303  0.24996212592359543  0.26171597133336927
  0.27354669192058029  0.28482444657930056  0.29614334452599606  0.30760021393779563
  0.31789739557780966  0.32657669761871555  0.33481259192112378  0.34314958785337174
  0.35213510072322896  0.36160806601912115  0.37122107229675111  0.38274160610005548
  0.39464828092401771  0.40661038124145654  0.41865673970527395  0.43082400063558984
  0.44299676669402677  0.45537959680735096  0.46787417867507070  0.48032695465086533
  0.49222987178688415  0.50321901110288647  0.51363402587704632  0.52429152593278661
  0.53529565383838817  0.54741113587028145  0.55998906590224473  0.57252087565686138
  0.58482993908516534  0.59708712272213860  0.60917374921292988  0.62110867621689136
  0.63319572963007764  0.64556763034072495  0.65707264448806213  0.66853935801581899
  0.67971702470693285  0.69102923151586215  0.70233774617791922  0.71313657118582641
  0.72376707336524637  0.73405625093067828  0.74483556494565994  0.75552652004061738
  0.76551749921099765  0.77562050725081533  0.78615447692391560  0.79635474570657883
  0.80597424292445552  0.81559557492572599  0.82606500507650771  0.83741492898683001
  0.84898113109313234  0.86040400899363079  0.87095365032820005  0.88200465108165882
  0.89330569552581340  0.90472100192102423  0.91603636440499936  0.92716624478099963
  0.93779398345295650  0.94707689394416872  0.95597088548477527  0.96432350092674324
  0.97308290284979559  0.98160215613874180  0.99068060944889813  1.00000000000000000
 -0.00194468356355459  0.00862480163413853  0.01889456795359051  0.02928691558628751
  0.04014718521200365  0.05125610606997850  0.06224995519937788  0.07305905204070208
  0.08353087694612003  0.09377164393059054  0.10384495399940616  0.11383892843684175
  0.12432104110843206  0.13480790233634810  0.14486771772768425  0.15224010136970073
  0.15987967865945357  0.16866246623428083  0.17703460414878056  0.18537295500053758
  0.19418474767311736  0.20337702270623303  0.21316146824309787  0.22373245312737422
  0.23493745974180658  0.24621696970278661  0.25686613589345170  0.26713994999072005
  0.27753242190565042  0.28778837806074792  0.29743913378964509  0.30696980771759946
  0.31697969293077277  0.32789532298801244  0.33918407633964465  0.35066558661529507
  0.36157030687887948  0.37212582820219714  0.38270796867488732  0.39344212160232889
  0.40467577868367788  0.41559437331148164  0.42644398943380613  0.43735877674052004
  0.44819846937434121  0.45892344316733458  0.46953702209806891  0.48066717525081326
  0.49138830413937462  0.50207762260254707  0.51219062947271232  0.52266271949755783
  0.53345694296063983  0.54434488571410267  0.55556839487055354  0.56738421206184564
  0.57709096129014681  0.58645753293619696  0.59568068063171620  0.60485684537182360
  0.61604988786815407  0.62708906000155851  0.63869165070175504  0.65178394953166063
  0.66451734750095859  0.67656970808855865  0.68783364057967078  0.69940784064640071
  0.71092142118391077  0.72313326890258289  0.73406299817601772  0.74409249691989920
  0.75396543436613128  0.76333818410884080  0.77287563446024743  0.78212075902175782
  0.79033420097762841  0.79812699408293319  0.80680012383576583  0.81625776747009848
  0.82722942631712226  0.83838406801637810  0.84915221808916985  0.86009913187301124
  0.87080288743983547  0.88226400542989758  0.89403328420861616  0.90666979014062277
  0.91790160477868465  0.92901120508173629  0.93994957080095765  0.95145249545121713
  0.96335128913916024  0.97547925636543054  0.98769540227411590  1.00000000000000000
 -0.00207523167450198  0.00844435523190172  0.01690168497415859  0.02408549112402718
  0.03090825803795434  0.03755635404486567  0.04430110705876301  0.05130604602935786
  0.05845733588711719  0.06559065520084216  0.07278527225903215  0.08017409747422162
  0.08834059390183782  0.09813504119879386  0.10761166820071691  0.11701821210348756
  0.12601729499341996  0.13468617937116917  0.14353735347672877  0.15271092635574948
  0.16155620512410979  0.16978240953890308  0.17834612664521476  0.18707123038609397
  0.19751093439778494  0.20808016562112933  0.21822699088683575  0.22853667722383875
  0.23875608911594914  0.24971480335734639  0.26151166717787655  0.27390844808991677
  0.28693443946098235  0.30031048396417093  0.31333003677151444  0.32592612933287773
  0.33836422820075346  0.35133775389604294  0.36439567090523939  0.37736826649863586
  0.38997047231087545  0.40259264091806485  0.41558626734897369  0.42942448412058787
  0.44420151488135273  0.45889482923932584  0.47303853705237109  0.48691297152042123
  0.50056072407609287  0.51425323550204805  0.52720160601790322  0.53941560458689131
  0.55205559651712910  0.56542658731850570  0.57864027275890006  0.59197507426333240
  0.60588348772810896  0.61986948845918344  0.63407621978170481  0.64801756780487862
  0.66078719267534691  0.67366696352458111  0.68667860841441475  0.70001621824632965
  0.71315832059133832  0.72592765796644421  0.73856010022250951  0.75119361113777272
  0.76394182647725895  0.77631450205441621  0.78807663904195246  0.79841452614209185
  0.80779110709675772  0.81608028056986748  0.82401886899622634  0.83279115729229392
  0.84150240583805269  0.84988869978623249  0.85802360645486986  0.86651020158147485
  0.87549265078458616  0.88473085814116859  0.89410040611624408  0.90346441010389156
  0.91302371657729420  0.92258543151275074  0.93174736124282187  0.94065696046122060
  0.94910288759585060  0.95737628166180166  0.96524819114730620  0.97170819843088851
  0.97811808235141562  0.98465117325021334  0.99151660102057071  1.00000000000000000
 -0.00206367836036215  0.00966343948657522  0.02048774813168942  0.03211360739246504
  0.04317880226305935  0.05373890616835562  0.06392369907592964  0.07448056569952301
  0.08545224236051976  0.09544828208720067  0.10503701467530779  0.11511886372989794
  0.12581907308388088  0.13723170693271636  0.14807577764839935  0.15728020924739966
  0.16627918632220187  0.17469908938158413  0.18353840350202402  0.19269580979170015
  0.20239865985338082  0.21255834413813068  0.22390787959119926  0.23506213649131197
  0.24653348446795351  0.25863225931793099  0.27029745256920590  0.28008474373337361
  0.28905899815400915  0.29849079483460628  0.30849996106074096  0.31859745313454169
  0.32865327184911669  0.33934327889075777  0.35066180495249422  0.36164752061617189
  0.37203686628726895  0.38024469451421067  0.38825732571309340  0.39655543718329839
  0.40541380896792761  0.41637501497118190  0.42712204136515752  0.43831721624225611
  0.44835702537286271  0.45813060548580259  0.46796000100957369  0.47917489287347775
  0.49090820134639102  0.50210436235080780  0.51306275723337713  0.52402484710167863
  0.53534462992032106  0.54726029053052561  0.55925851404115423  0.57100473786575368
  0.58247435300005856  0.59289145902801632  0.60372965478659879  0.61417374096742372
  0.62547041843979156  0.63658102541388939  0.64746613039833156  0.65802949164653768
  0.66787592079405600  0.67756434373773422  0.68747362238545184  0.69833037523730879
  0.70904695627477898  0.71933466621205888  0.72920029717967683  0.73925999938745046
  0.75008296208774727  0.76121956618227327  0.77160818240956985  0.78132837455686965
  0.79026176615163235  0.80060229637033609  0.81129663471759739  0.82168062173583245
  0.83216048948631904  0.84287098807027461  0.85442490446528530  0.86684050373827237
  0.87890760002399593  0.89038014356989592  0.90105806418203294  0.91135244007845639
  0.92169103465840574  0.93233739269235072  0.94355276291354662  0.95511072141046760
  0.96616056167529074  0.97746126169865710  0.98821434543989817  1.00000000000000000
 -0.00258254913396559  0.00904276310792956  0.01965345387432000  0.02970829693870900
  0.03994473997995822  0.05020152524599608  0.06110406913575352  0.07277648810180171
  0.08378996947077685  0.09394313823364490  0.10432902612185141  0.11565119885098681
  0.12712624085818547  0.13827041517363625  0.14940169006540122  0.16065390612938968
  0.17171784123894010  0.18276924828373506  0.19382680681576325  0.20490197557237519
  0.21597871785224099  0.22580116255441779  0.23394455819639198  0.24190845174057682
  0.25031234564149152  0.26036447787270572  0.27131371001319848  0.28125159524987414
  0.29077550270023728  0.30018241738173240  0.30938325287728113  0.31869728318454660
  0.32782365129154906  0.33700312819877548  0.34651680671437129  0.35629184370980177
  0.36695723152111326  0.37790105627172427  0.38862879507351028  0.39920562363697770
  0.40989307173754047  0.42099050618676537  0.43244961382262509  0.44354844801718307
  0.45420210659593074  0.46513525677182005  0.47658341623070349  0.48786584128252469
  0.49831922980788207  0.50864277797384017  0.51897561924498103  0.52941507101848650
  0.53986628748160981  0.55058286454426930  0.56104028147281926  0.57178624824886770
  0.58246609437707875  0.59327302310203778  0.60399329534412616  0.61379798592169155
  0.62348775070690909  0.63314568701705354  0.64269486145771548  0.65388587565753320
  0.66459269901179618  0.67486096637652482  0.68465199391524878  0.69517561435625530
  0.70614724320928757  0.71604497070297723  0.72540257696995847  0.73518956357904441
  0.74465941820127657  0.75336472995490822  0.76133114669874002  0.76934606074074230
  0.77868922755563241  0.78890900855816315  0.80043151044240002  0.81244887814702560
  0.82575328425532812  0.83817336650605356  0.85014531647624147  0.86096676818105833
  0.87178055722935133  0.88234235897184576  0.89333117089693792  0.90505784488122798
  0.91656739373266582  0.92886583446367987  0.94042614168548200  0.95317877547762198
  0.96423110610054141  0.97570532403145771  0.98711516022254864  1.00000000000000000
  0.28466079613563805  0.39058531343699487  0.46510318575462029  0.47472752728186113
  0.48540689952734933  0.49749956982178389  0.50766678962027645  0.51888880433045248
  0.52959753432611723  0.53966293649559738  0.54835230819037573  0.55734167551088287
  0.56545352431800944  0.57351285239632743  0.58186228688171460  0.59111724202011595
  0.60090786383862749  0.60998318051396661  0.61838743025284248  0.62672052610272833
  0.63534748525247897  0.64330447088741749  0.65053576640254762  0.65703613913765002
  0.66334453252467207  0.66966445686888909  0.67623514327172496  0.68302863249156986
  0.68990309658376991  0.69666037000409486  0.70307025852048388  0.70929859446934251
  0.71511804858949302  0.72100289307954768  0.72688527708055817  0.73303416149004086
  0.73912600172502230  0.74510553696690551  0.75061258143966803  0.75600325416274272
  0.76124742841483284  0.76667022991183742  0.77246374747321300  0.77836355395229151
  0.78438856831090709  0.79010247563050551  0.79559342962100887  0.80077693109823966
  0.80597680246088854  0.81111942076423571  0.81638209788044969  0.82186513226412594
  0.82751883913298196  0.83300112469996435  0.83807365434456382  0.84268248309282623
  0.84723697625357641  0.85181491051692404  0.85648190192625340  0.86119506124393130
  0.86569947427741667  0.87010894021730234  0.87432765784083333  0.87852293527928660
  0.88303847364766508  0.88741651236976005  0.89176530872506277  0.89610912648989482
  0.90026603000058703  0.90463039141661838  0.90887792840556225  0.91315913234137402
  0.91731748185752893  0.92153119339539424  0.92571125780619035  0.92987149335309360
  0.93394896045698150  0.93788598524224520  0.94170433423151079  0.94536380000340692
  0.94889167310215705  0.95242243366071966  0.95587022993995430  0.95934159097437921
  0.96284159327788443  0.96646326038546959  0.97003948006390561  0.97354247678453931
  0.97695592608495874  0.98032024177358490  0.98359860003548982  0.98673088523074859
  0.98978591720791054  0.99290262771621307  0.99624999327735575  1.00000000000000000
 -0.02066344010808447  0.13517227713955648  0.18364565594830654  0.21520356587234729
  0.24125963224328964  0.26444694864099572  0.28539646062881974  0.30472932595607788
  0.32240356757714456  0.33863067860497464  0.35376965595699261  0.36804306244906348
  0.38139871603575648  0.39420219621589786  0.40655341297931002  0.41843869812526707
  0.42945069237410882  0.44004812082594041  0.45022815080816236  0.46033083251863988
  0.46997073415719015  0.47958613404362666  0.48889291061585094  0.49806632511042215
  0.50727077468899551  0.51675140680939724  0.52620423576867659  0.53509879501129831
  0.54375352333154581  0.55227998952259572  0.56087319482777220  0.56921355388439765
  0.57738808162666078  0.58547064459654252  0.59337010716402383  0.60114537980045035
  0.60908641282314357  0.61710742631293913  0.62453657753107839  0.63132985084594417
  0.63802170168885719  0.64480509534359354  0.65162721209152497  0.65822468456127670
  0.66462451537450562  0.67106949190405729  0.67752427723543240  0.68392942615648833
  0.69009728874153820  0.69587533766464327  0.70107887353210308  0.70642765929215334
  0.71179447453272993  0.71790948229560814  0.72418061601073913  0.73009233338990032
  0.73526227837117242  0.74003244695034043  0.74452905100987155  0.74913976146628447
  0.75373871727178521  0.75859477328137714  0.76355145230272903  0.76848031592886545
  0.77291930302704304  0.77706908710077238  0.78117364917961585  0.78537489452833464
  0.78987684344534559  0.79452860479393128  0.79724459827610095  0.79979117603494787
  0.80243403915752387  0.80508373947990286  0.80685202512581700  0.80862553430165474
  0.81180112354504674  0.81429995108985398  0.81682909614868870  0.81952085038735012
  0.82263238170274711  0.82602931168385263  0.82966096506061415  0.83359660908228728
  0.83818807294252251  0.84224849791475942  0.84590627070524360  0.84954850107247437
  0.85306102969162501  0.85793553980363846  0.86364361357287678  0.86732683964425139
  0.87965013506002776  0.91268108458239938  0.94785150623374781  1.00000000000000000
   5.1730554424909221E-006  -1.0000000000000000     
 F F F F F F F F F F F F F F F F F F F F F F F F F F F F F F F F F F F F F F F F F F F F F F F F F F F F F F F F F F F F F F F F F F F F F F F F F F F F F F F F F F F F F F F F F F F F F F F F F F F F F F F F F F F F F F F F F F F F F F F F F F F F F F F F
  <DiscreteSampler_grid>
  grouped_processes
  1 # 1 for a reference and 2 for a running grid.
  10 # Attribute 'min_bin_probing_points' of the grid.
  1 # Attribute 'grid_mode' of the grid. 1=='default',2=='initialization'
  0.0000000000000000 # Attribute 'small_contrib_threshold' of the grid.
  0.5000000000000000 # Attribute 'damping_power' of the grid.
 # binID   n_entries weight   weight_sqr   abs_weight
    13   10   3.700973116893035E+001   1.057417643878311E+004   3.700973116893035E+001
    14   10   3.700973116893044E+001   1.057417643878316E+004   3.700973116893044E+001
    16   10   8.767269682119728E+000   5.625274249645727E+002   8.767269682119728E+000
    17   10   8.767269682119744E+000   5.625274249645754E+002   8.767269682119744E+000
  </DiscreteSampler_grid>
