  0.00000011990436169  0.00000013546319821  0.00000014494345721  0.00000015599282669
  0.00000016514559911  0.00000017304610824  0.00000018223737019  0.00000019216229250
  0.00000020359884240  0.00000021619966179  0.00000022841431903  0.00000023944504561
  0.00000024908902901  0.00000025964693885  0.00000027165140074  0.00000028249774472
  0.00000029329120952  0.00000030500523277  0.00000031585860814  0.00000032766770465
  0.00000033947302757  0.00000035262994645  0.00000036624131225  0.00000037959873290
  0.00000039303348185  0.00000040700580963  0.00000042285983795  0.00000044250157292
  0.00000046662984822  0.00000048972307980  0.00000051471698643  0.00000054090417481
  0.00000056786605181  0.00000059629037541  0.00000062805041887  0.00000066571707751
  0.00000070499670122  0.00000074725212826  0.00000079238036892  0.00000084036002535
  0.00000089217529149  0.00000094963139010  0.00000101026722858  0.00000107681513794
  0.00000114878743516  0.00000122959574435  0.00000131667649471  0.00000140602912551
  0.00000149914370303  0.00000159767646446  0.00000170527188203  0.00000182346198324
  0.00000194757254570  0.00000208234588620  0.00000222746799361  0.00000237697958236
  0.00000257154753688  0.00000277279294773  0.00000300211878348  0.00000324406167226
  0.00000350329140851  0.00000378967022546  0.00000410872625013  0.00000447131153961
  0.00000487110764297  0.00000530426955365  0.00000580036417815  0.00000633022663981
  0.00000691673209243  0.00000755852821603  0.00000827400106355  0.00000909914587655
  0.00001009385976498  0.00001123286021800  0.00001264571962294  0.00001419298870350
  0.00001596430190248  0.00001809893293157  0.00002073975129915  0.00002406442435222
  0.00002806805186409  0.00003270629644263  0.00003849641337416  0.00004597959279281
  0.00005582938442940  0.00007038760101731  0.00009096861359298  0.00011927501331062
  0.00016021382537442  0.00022865399600794  0.00033580828195946  0.00049240444685792
  0.00084280224256954  0.00243436162787313  0.01868899808085659  1.00000000000000000
  0.00000078706035754  0.00000082830927410  0.00000086238263955  0.00000090442223824
  0.00000096368561953  0.00000103105577568  0.00000109937250908  0.00000117524226110
  0.00000126241943381  0.00000136572931512  0.00000147295448748  0.00000158209918648
  0.00000170904689000  0.00000185174863825  0.00000201494626369  0.00000220859174763
  0.00000239082400859  0.00000257077194728  0.00000275253939939  0.00000295824688878
  0.00000316953657030  0.00000337533081764  0.00000360709102028  0.00000385049807461
  0.00000410987233038  0.00000439675590656  0.00000472187895634  0.00000510469345750
  0.00000555323110884  0.00000601760187195  0.00000647314892596  0.00000696797144157
  0.00000747749539069  0.00000802009004169  0.00000861826573130  0.00000926043244705
  0.00000991749623647  0.00001065192109582  0.00001144678373309  0.00001226888920285
  0.00001313297049292  0.00001405635032083  0.00001503809119830  0.00001608301236792
  0.00001719047423889  0.00001831647445545  0.00001957700671331  0.00002104344997611
  0.00002255926501262  0.00002426369762178  0.00002610230100185  0.00002811187321046
  0.00003036769342807  0.00003266677371758  0.00003528761142894  0.00003797046254439
  0.00004091205853062  0.00004429008989951  0.00004775648051043  0.00005172292441864
  0.00005589680917406  0.00006031501225893  0.00006518140628791  0.00007026951128499
  0.00007611914927617  0.00008263332536733  0.00008999260460864  0.00009834495240620
  0.00010738693830591  0.00011739621718839  0.00012839097915720  0.00014063619712388
  0.00015427025226700  0.00016976092023456  0.00018660615817215  0.00020620553025007
  0.00022761734969515  0.00025337616578310  0.00028377907637909  0.00031892656947316
  0.00036271156683693  0.00041345791390241  0.00047017472467764  0.00053876715669933
  0.00062421738700187  0.00072289794478167  0.00084243471543031  0.00101706736393063
  0.00130147878245528  0.00171628765386068  0.00230634667893500  0.00320911191090288
  0.00494555093109143  0.00941458376529289  0.05029763025649864  1.00000000000000000
  0.00000267530661111  0.00000275232621673  0.00000282618640815  0.00000289292662065
  0.00000294876417971  0.00000300609502043  0.00000306484742557  0.00000312687577930
  0.00000319436135778  0.00000327113195418  0.00000335944048967  0.00000344760040030
  0.00000354365602130  0.00000363919539478  0.00000374341911908  0.00000385802863412
  0.00000398172216627  0.00000411223098947  0.00000425055760716  0.00000440630166349
  0.00000458746852952  0.00000476998132514  0.00000495520075129  0.00000513258766162
  0.00000531678396911  0.00000551061776473  0.00000571871054368  0.00000595355667191
  0.00000621179830525  0.00000647237686262  0.00000673625306153  0.00000701652948619
  0.00000731354252871  0.00000761494753133  0.00000795140379772  0.00000832699855974
  0.00000873794861931  0.00000914008221924  0.00000957227147577  0.00001000760309874
  0.00001045327531152  0.00001093497637727  0.00001145255107744  0.00001198703966152
  0.00001254755429494  0.00001317198150732  0.00001383276367945  0.00001458323741857
  0.00001540138747081  0.00001623452422848  0.00001712433904305  0.00001809684193231
  0.00001909733234186  0.00002025578221084  0.00002148879686216  0.00002282910391965
  0.00002427619220407  0.00002577440119388  0.00002737322621208  0.00002911897546126
  0.00003107920785823  0.00003326003870402  0.00003567178903205  0.00003835286065060
  0.00004139835411044  0.00004475144974948  0.00004847470009199  0.00005251881184020
  0.00005713424308196  0.00006222635948025  0.00006796845738420  0.00007406872058731
  0.00008049274989545  0.00008737649303239  0.00009520120087390  0.00010407666051647
  0.00011486258939937  0.00012760931115937  0.00014171676746119  0.00015876451942037
  0.00017951003066966  0.00020525891895235  0.00023440504644584  0.00026830049001253
  0.00030122645197238  0.00034472373292818  0.00039378008855231  0.00046935139054513
  0.00058039378634405  0.00072717369769591  0.00093447778794448  0.00122173229606640
  0.00169459610760635  0.00277313931328998  0.04270710427418543  1.00000000000000000
 -0.00165785844906235  0.01053831534434969  0.02117546745627771  0.03093953645138283
  0.04062411093436801  0.05004471095035956  0.05934135494751303  0.06849986899388361
  0.07769092846288830  0.08748112365377700  0.09792336579697397  0.10924565809320426
  0.12072764296667503  0.13219527786125837  0.14351411404488318  0.15466158447496337
  0.16545119849777459  0.17554781368871170  0.18547523604779648  0.19601147512493497
  0.20623771027843607  0.21605271095535333  0.22536441407651384  0.23525980025809357
  0.24534602182420939  0.25553077563151855  0.26585487183180695  0.27556948623373706
  0.28549471443115215  0.29589577418226698  0.30723392653236048  0.31838626735148223
  0.32948907301313951  0.34085512993966788  0.35229890667645580  0.36337381320263745
  0.37422893640260702  0.38510069329072638  0.39607313825630719  0.40667568334379284
  0.41745942005365339  0.42851778875251584  0.43913026525094684  0.44941943387231520
  0.45952951178149914  0.47006025233669657  0.48102409766202558  0.49193674668184706
  0.50264652557103928  0.51298615315323881  0.52358429077554658  0.53437258557090583
  0.54492104736919089  0.55521418080940710  0.56559943735991891  0.57655273621771963
  0.58737186374458095  0.59762081263434885  0.60778893502250986  0.61796538228717279
  0.62886677872976793  0.63947331195329427  0.65060983611609935  0.66123649441192900
  0.67164313291775601  0.68192557440839430  0.69265790703652408  0.70374993708704181
  0.71459432634569808  0.72520582460934402  0.73587676336640906  0.74659613994783891
  0.75737488762843375  0.76835505338814503  0.77911781285804271  0.78939610376521629
  0.79923546912413024  0.80931175277776213  0.82039000801470985  0.83150941284560376
  0.84196489805289765  0.85202404123122755  0.86182657179554789  0.87161761633892532
  0.88163664495749083  0.89181129005562598  0.90196468261892571  0.91195981565781159
  0.92236842417707876  0.93323105593451394  0.94416150115077646  0.95545596301676494
  0.96683153974452085  0.97819721162894924  0.98917208703086257  1.00000000000000000
 -0.00226827318213468  0.00867791898614428  0.01799633863436549  0.02760088104041333
  0.03757077474073491  0.04677927266928184  0.05594286304394570  0.06580739518583598
  0.07659689275223008  0.08798985540387599  0.09869981428736671  0.10875204831561738
  0.11880649729333624  0.12930057597682351  0.14032113261223977  0.15134818898603969
  0.16210618845452007  0.17265699281459235  0.18346362928518095  0.19402235739577872
  0.20491932279607128  0.21570978976189581  0.22677234789722162  0.23829324888750936
  0.24984052506791787  0.26141572120139833  0.27263617946192287  0.28353774288514583
  0.29400583845376232  0.30353626734657990  0.31334065343162537  0.32292668987757045
  0.33217387712597501  0.34111333224724905  0.34988990770807377  0.35920621295869953
  0.37005302789461431  0.38118823854763273  0.39262474817628973  0.40360302139272564
  0.41478774979252281  0.42475949176577499  0.43523189942990637  0.44469353226866803
  0.45443796673961340  0.46430362720362012  0.47493519690920449  0.48448739574770444
  0.49475549843297367  0.50465955134894469  0.51571203105576957  0.52696541774710581
  0.53820962748320167  0.54943672786418452  0.56022577286475506  0.57099249943710229
  0.58213942285316900  0.59313779534171784  0.60398327143890096  0.61429000768126518
  0.62466964586696572  0.63486710647131739  0.64526036139519427  0.65638365887960237
  0.66842726775397987  0.67997544195542070  0.69138729829138668  0.70217579302441446
  0.71291634442093277  0.72329623784759034  0.73334154376644212  0.74309385650334969
  0.75350131456541380  0.76490008223012673  0.77647518969695950  0.78867449014396274
  0.80008103629877958  0.81105015995980889  0.82144673641556232  0.83265407906988786
  0.84340057775909227  0.85375399189715384  0.86429948188673811  0.87485710427513241
  0.88540851011621591  0.89606367288528455  0.90708231797014083  0.91855030604832189
  0.92872731586354618  0.93931500045384964  0.94942831247775039  0.95989527995122947
  0.97025737134264478  0.98015468829303742  0.99021902722154320  1.00000000000000000
 -0.00210143817939821  0.00985267699318759  0.02083530867925901  0.03148923182029123
  0.04212401761420095  0.05249303257131321  0.06314612438677471  0.07418060449538140
  0.08502883497579090  0.09612324808880733  0.10747161333471847  0.11942878045662003
  0.13149225274083307  0.14338749103540355  0.15482252019468884  0.16601384715510242
  0.17763964810345811  0.18984027609451859  0.20176978006984730  0.21384814962616217
  0.22584846593443467  0.23756223362256665  0.24867445665510074  0.26033270955571280
  0.27205457389495957  0.28435382264513814  0.29701059360705795  0.30989359194611182
  0.32264624079579790  0.33493219225140591  0.34665170178053401  0.35820321446017067
  0.36940285241342929  0.38080822596931968  0.39259500912636847  0.40439904351362466
  0.41564940452878557  0.42670380428960702  0.43795337739106432  0.44899949928807698
  0.45973892327681287  0.47043929426570835  0.48149715554069178  0.49313800268603530
  0.50481683918215503  0.51557895831006639  0.52626477107833447  0.53727947578178659
  0.54873154623814069  0.56030481280839828  0.57149180846929393  0.58231891929662594
  0.59318107698649869  0.60418898194842863  0.61523730531846132  0.62595332764701428
  0.63637849361931631  0.64700299790406657  0.65773922341664404  0.66906522991431483
  0.68052815513350651  0.69198821556639900  0.70302719810041658  0.71371873936402441
  0.72427341622990105  0.73423524967704035  0.74346185080042815  0.75257540698007164
  0.76238467384377240  0.77217467839454368  0.78164188915580679  0.79076386254239006
  0.80027033951553617  0.81007014661417187  0.81999545302974908  0.82961264389868039
  0.83911923972149494  0.84845280465436457  0.85753699772134295  0.86607748621538394
  0.87411725810275698  0.88171204182932428  0.88928862693569588  0.89685721816271469
  0.90443700476178202  0.91236115740440060  0.92057704848792454  0.92883293627280217
  0.93725408086478901  0.94527430130861756  0.95300033412863538  0.96064920524287767
  0.96855549777262395  0.97693042438778632  0.98787876840675493  1.00000000000000000
 -0.00218857569066416  0.00919713545339739  0.01942733587792279  0.02997227659067007
  0.04110974012395422  0.05201674383304441  0.06289660437832569  0.07336305390019918
  0.08443905839083043  0.09529488398765350  0.10563872958402594  0.11599037020828498
  0.12625131934533368  0.13755467518053571  0.14838044579400217  0.15915484229161264
  0.17003200853550018  0.18136549435330232  0.19245138581366186  0.20291225227060913
  0.21309452173977050  0.22301629557017494  0.23285143551220069  0.24220077390504013
  0.25103053856114033  0.25946294596608638  0.26879437696131903  0.27935069305052473
  0.28988538439381917  0.30020937213079840  0.31045695470494372  0.32114616927277928
  0.33184241543382098  0.34215739423927582  0.35213308680210115  0.36255545305704606
  0.37345930801073607  0.38483701086743721  0.39625135635131375  0.40766923528623200
  0.41964638147968875  0.43127007300037157  0.44254414256204072  0.45323905123781311
  0.46408187145861052  0.47454245589106919  0.48480377440919092  0.49479139919449439
  0.50506574810004323  0.51562411872446912  0.52604579987269773  0.53685008844522486
  0.54753534416334337  0.55822583753636512  0.56877607343177128  0.57939154374028445
  0.58991534958132763  0.60035197159617115  0.61091538108660615  0.62112858410898364
  0.63166919062871674  0.64233751459656929  0.65392340369586077  0.66486201464288719
  0.67636094933153112  0.68765843963238327  0.69909072964822938  0.70953407929683054
  0.71974504366308045  0.73026470548505829  0.74079668365263118  0.75171959290364865
  0.76207653821402155  0.77272395432545860  0.78443502626353800  0.79682518522286228
  0.80868373313355912  0.81904461562617059  0.82850605079907635  0.83750569018091126
  0.84671639328596826  0.85669559913276883  0.86780865166020937  0.87963320664809652
  0.89123248483838979  0.90256316948791804  0.91346527636092456  0.92323506312957238
  0.93228765453831608  0.94143124707623727  0.95105731004374472  0.96081926937705919
  0.97066438938066446  0.98051963847879675  0.99061684264922911  1.00000000000000000
 -0.00219396316507533  0.00921540075110363  0.01901617591626908  0.02911393599845779
  0.03974884369543807  0.05045207120137905  0.06124999596114100  0.07190458076592801
  0.08265640264464232  0.09343069626176378  0.10419750117347285  0.11508064961059904
  0.12618378404394973  0.13740780914193557  0.14805260860851760  0.15798186208213072
  0.16780947133155896  0.17740472667809817  0.18720699154015105  0.19685189958576696
  0.20641769069471208  0.21626092290356777  0.22653713199499248  0.23702467597063381
  0.24856511851345175  0.25986072679221600  0.27132302992174778  0.28266809045738850
  0.29393873465579362  0.30515409949559025  0.31593791368848123  0.32684527218591564
  0.33742646795950443  0.34743768178916368  0.35749308428220694  0.36773681949551124
  0.37824340588720690  0.38915131855239177  0.40020670033867034  0.41140156771492886
  0.42196025141414273  0.43186511543768108  0.44125647398049200  0.45043575544972281
  0.45988426991959513  0.47048497230595387  0.48074807787923357  0.49165386641325703
  0.50257797824593031  0.51415515336541318  0.52557394321759665  0.53630162280799432
  0.54650656183892343  0.55590145967809668  0.56553384755383118  0.57528622436475962
  0.58510591099363729  0.59527173640757658  0.60586261026578370  0.61697301481850220
  0.62736152921625055  0.63726234852764774  0.64719479968202198  0.65777425962823444
  0.66909243708631605  0.68028817064275349  0.69076602303462920  0.70073304656709423
  0.71067244474841262  0.72068003440345951  0.73064977012082510  0.74043663612958399
  0.75027673680197593  0.76092807876172996  0.77252617221477027  0.78444748538218245
  0.79628790305006769  0.80735177334872121  0.81862421934000007  0.82986516072773409
  0.84125386518702971  0.85317164512684340  0.86518307354184965  0.87624034014014407
  0.88692843476159622  0.89764341285991556  0.90855628282070278  0.91936898129119182
  0.92888657751571113  0.93917537107824389  0.94946333370455871  0.95979957308269481
  0.96955185510140074  0.97890948458844795  0.98929722940538722  1.00000000000000000
  0.10775075128264837  0.38333817702485717  0.39500373241580061  0.41045717192259440
  0.42347387741505083  0.43404005019588471  0.44481037747887231  0.45606198198998105
  0.46814091342094549  0.47752893984349049  0.48619012541206935  0.49446445730425570
  0.50287018988049426  0.51136511638947724  0.51962555927686005  0.52773647581201011
  0.53593606261940563  0.54380716256303174  0.55125268572527553  0.55854163905938659
  0.56566420476502677  0.57268060291581857  0.57970326589215615  0.58658239416423452
  0.59324032381683889  0.59969701646752349  0.60616725957922746  0.61292220330139435
  0.61987346672688892  0.62717448168982948  0.63472884325559742  0.64198806816976617
  0.64888077630489516  0.65563398173657284  0.66265450889155786  0.66959399666705344
  0.67619726277807191  0.68249004409391500  0.68886609067334903  0.69533109877707255
  0.70161618185680730  0.70775424171907175  0.71414195473730790  0.72087479275625399
  0.72765879388098842  0.73457037101984934  0.74102763311124442  0.74737359876932974
  0.75349900202775166  0.75946145108942642  0.76531768361754049  0.77116906058944179
  0.77704379202717511  0.78294561881753622  0.78896983141828136  0.79491210095856957
  0.80069353570063417  0.80647195459846521  0.81220271197485361  0.81786507107729511
  0.82343084778431908  0.82917378337220060  0.83480123368793480  0.84064087791997522
  0.84642955343434823  0.85205296164096955  0.85744013833520938  0.86262031348214763
  0.86770409358178358  0.87277396383391059  0.87785570091047316  0.88301037300123231
  0.88826001510365005  0.89343733698838157  0.89843022097710090  0.90329105774411311
  0.90818988671677159  0.91299955022840229  0.91794586437334669  0.92286235348334711
  0.92780237202347082  0.93264691483570372  0.93747794199858980  0.94221786985638412
  0.94694082545743741  0.95165760001460875  0.95642690323725599  0.96131489598992326
  0.96624880502525956  0.97104810857356016  0.97592443232900505  0.98063523759313542
  0.98528651308238868  0.99007199987262828  0.99503746381363400  1.00000000000000000
 -0.01270351343603385  0.10674885954159950  0.12830102640741642  0.14105113849771253
  0.15318091558761765  0.16474038707379035  0.17577125091987597  0.18579636941909122
  0.19383011383869059  0.20242276990854799  0.21140216481731780  0.22040693204902068
  0.22863092393703716  0.23603902639127278  0.24323069094533814  0.25069767142273008
  0.25838076907973739  0.26598961007088806  0.27335502153919344  0.28043685779636279
  0.28747635528622506  0.29506903535568924  0.30300860142177283  0.31096297047759597
  0.31905054493867685  0.32646997244431419  0.33336700022880189  0.33997880275819770
  0.34644233237917238  0.35308346560478765  0.35957581065988398  0.36593480355081870
  0.37211058140008635  0.37818885411450864  0.38423768054221369  0.38993994056194003
  0.39553361723487940  0.40123726019962302  0.40714074898501962  0.41342401879266255
  0.41981018325899799  0.42617945016644138  0.43288726729147681  0.43917896818167007
  0.44513706975350026  0.45073958468102149  0.45623982409911101  0.46148786245734169
  0.46667563315943850  0.47183954323740490  0.47709796563983980  0.48253248348497058
  0.48794130463086705  0.49346408575230510  0.49936879511437149  0.50560814664774778
  0.51187032098966023  0.51806678572681542  0.52451914187243076  0.53124838030787580
  0.53794215511105226  0.54451438722179224  0.55107185043463536  0.55751817754313659
  0.56393457716387063  0.57060487190580433  0.57758942330664753  0.58480773642938277
  0.59195534209479184  0.59876451390184882  0.60537714595477343  0.61211509229087102
  0.61924466165518111  0.62685893200624221  0.63459580484292266  0.64243709062418997
  0.65054099642581065  0.65880782582413078  0.66715499897157926  0.67565054124666013
  0.68435383106326009  0.69354482936963913  0.70356672473893256  0.71437226225591721
  0.72525124107711314  0.73623143461002205  0.74812940713513887  0.76077906757027736
  0.77393079090826378  0.78714024371869940  0.80071951768874805  0.81534246309400560
  0.83243163088319061  0.85326675778051286  0.88506590020143061  1.00000000000000000
   3.1847187081060431E-004  -1.0000000000000000     
 F F F F F F F F F F F F F F F F F F F F F F F F F F F F F F F F F F F F F F F F F F F F F F F F F F F F F F F F F F F F F F F F F F F F F F F F F F F F F F F F F F F F F F F F F F F F F F F F F F F F F F F F F F F F F F F F F F F F F F F F F F F F F F F F F F F F F F F F F F F F F F F F F F F F F F F F F F F F F F F F F F F F F F F F F F F F F F F F F F F F F F F F F F F F F F F F F F F F F F F F F F F F F F F F F F F F F F F F F F F F F F F F F F F F F F F F F F F F F F F F F F F F F F F F F F F F F F F F
  <DiscreteSampler_grid>
  grouped_processes
  1 # 1 for a reference and 2 for a running grid.
  10 # Attribute 'min_bin_probing_points' of the grid.
  1 # Attribute 'grid_mode' of the grid. 1=='default',2=='initialization'
  0.0000000000000000 # Attribute 'small_contrib_threshold' of the grid.
  0.5000000000000000 # Attribute 'damping_power' of the grid.
 # binID   n_entries weight   weight_sqr   abs_weight
    19   10   9.000525718292923E+002   4.947797675251891E+006   9.000525718292923E+002
    20   10   9.000525718292932E+002   4.947797675251911E+006   9.000525718292932E+002
    22   10   2.248054599990301E+002   3.084584052252664E+005   2.248054599990301E+002
    23   10   2.248054599990302E+002   3.084584052252678E+005   2.248054599990302E+002
    25   10   8.968042289005696E+002   4.956033966835241E+006   8.968042289005696E+002
    26   10   8.968042289005705E+002   4.956033966835262E+006   8.968042289005705E+002
    28   10   2.233662154218218E+002   3.095358744930941E+005   2.233662154218218E+002
    29   10   2.233662154218221E+002   3.095358744930954E+005   2.233662154218221E+002
  </DiscreteSampler_grid>
