  0.00000012031870733  0.00000013447426525  0.00000014371452878  0.00000015101440016
  0.00000015805877144  0.00000016625400575  0.00000017520580099  0.00000018441972925
  0.00000019398311954  0.00000020368655107  0.00000021464392011  0.00000022527841286
  0.00000023691972482  0.00000024933839016  0.00000026234481384  0.00000027557059360
  0.00000028979662203  0.00000030548514774  0.00000032155786322  0.00000033806191915
  0.00000035517454792  0.00000037525332065  0.00000039554893504  0.00000041714073202
  0.00000044038637022  0.00000046508366771  0.00000049002626602  0.00000051749774159
  0.00000054727543792  0.00000057794927057  0.00000060991890776  0.00000064524503386
  0.00000068399656379  0.00000072414510854  0.00000076814426110  0.00000081637733284
  0.00000086521938598  0.00000091730007089  0.00000097463482314  0.00000103304385523
  0.00000109525873362  0.00000116321241202  0.00000123395691296  0.00000130832044977
  0.00000138993768810  0.00000147651729632  0.00000156543193744  0.00000166551423018
  0.00000177423509619  0.00000188918865992  0.00000201747195990  0.00000215639585131
  0.00000230224007167  0.00000246002374637  0.00000262865414017  0.00000280870341204
  0.00000300609908046  0.00000322210609732  0.00000344885264395  0.00000371593711060
  0.00000398865151029  0.00000429371262527  0.00000462043434292  0.00000496890525489
  0.00000535591955075  0.00000578336177048  0.00000625255102845  0.00000677170874490
  0.00000733461386862  0.00000797397086626  0.00000867941790452  0.00000947570244369
  0.00001037086759608  0.00001138943217566  0.00001254027444213  0.00001381858869579
  0.00001529850787504  0.00001702852520012  0.00001913648190565  0.00002169255161833
  0.00002484693867539  0.00002883949528715  0.00003342534196398  0.00003907567173139
  0.00004592268542444  0.00005466263630916  0.00006620419725101  0.00008024456018956
  0.00009781091677389  0.00012307969161311  0.00016396936091738  0.00022170667427790
  0.00034272386677689  0.00074982204944274  0.14626699503253912  1.00000000000000000
 -0.00191623328925314  0.00947271935402479  0.01917731788737704  0.02939394430325654
  0.03938165427476069  0.04947081150311525  0.05941801068044750  0.06968853833708952
  0.08011986860631355  0.09068387430437463  0.10094991781418489  0.11122387081027711
  0.12139445867580252  0.13175220749626754  0.14213062307822683  0.15270389322086939
  0.16350217199311751  0.17426270160874807  0.18498625676152849  0.19554793086299715
  0.20604220270859899  0.21666036264045457  0.22746259668141869  0.23854217470099986
  0.24967747267906798  0.26071123765862581  0.27174184787524674  0.28254397429769279
  0.29321149898142040  0.30383417179549288  0.31467095406856943  0.32553201005111587
  0.33626407110116169  0.34678286290666110  0.35718444614066353  0.36748857596595719
  0.37765146653947329  0.38781276529306680  0.39809387557631820  0.40875736457584894
  0.41949305964995909  0.42997363433119407  0.44042326561735146  0.45084960050479134
  0.46117353353996876  0.47135196490437414  0.48181763848747339  0.49247211889175335
  0.50317818119802760  0.51384441037811801  0.52458834770183649  0.53512593998871694
  0.54564755348310634  0.55622393105207590  0.56681282077347039  0.57719974229965110
  0.58744328498159215  0.59806159202929665  0.60885004259717601  0.61968997163431505
  0.63031846606117703  0.64102726586490399  0.65198834586934207  0.66283985503032206
  0.67323903052671663  0.68369689267086020  0.69429413911815807  0.70494960052804401
  0.71549714290598310  0.72594145710506186  0.73708144462345027  0.74834639737622877
  0.75957222166982485  0.77062974593786393  0.78149081277037313  0.79237865243982519
  0.80321274732151005  0.81380027068131155  0.82434417355743650  0.83471309479825151
  0.84504518209891488  0.85520715703456163  0.86549667056387614  0.87595847226613344
  0.88630695885080446  0.89650413677073904  0.90679603460684843  0.91707170540563077
  0.92731446081639457  0.93734294078617530  0.94776662657750266  0.95818014930382056
  0.96880103888670899  0.97912285683304667  0.98958911568529750  1.00000000000000000
 -0.00241532796101169  0.01005568955815159  0.02055935644389112  0.03129647619672962
  0.04179076926038048  0.05262719714574082  0.06350525889084169  0.07437925054422777
  0.08526493633114549  0.09605849626529363  0.10656837813908364  0.11689434425881644
  0.12727403496439293  0.13757804284491892  0.14767703493292114  0.15780106717589348
  0.16796794518857233  0.17834474555343130  0.18876337413611360  0.19922396672003606
  0.20959262535474188  0.21993427986773345  0.23028329134726933  0.24085102043534551
  0.25138902722817091  0.26177148166239655  0.27179218019414614  0.28190640717124688
  0.29223063481487443  0.30294406706941895  0.31353889531590556  0.32418073933288605
  0.33492093302398235  0.34581760594463073  0.35680668742109972  0.36734251945321128
  0.37803455808086622  0.38854271074556374  0.39934870243301185  0.41026526091800913
  0.42128517838224866  0.43232132518272681  0.44316564061925151  0.45397743093975074
  0.46436282234330190  0.47464300445073865  0.48499901942128681  0.49538136227104768
  0.50581253620454525  0.51637720613460247  0.52699063724234130  0.53740111530572088
  0.54792660393958792  0.55852487899105352  0.56906944410923754  0.57930532354961628
  0.58990083431048868  0.60069791239936254  0.61147616102382985  0.62211991835132430
  0.63257982683948888  0.64296795252583794  0.65318951806797865  0.66377463877945042
  0.67488764336865303  0.68574918515837091  0.69690200060302465  0.70784624743895141
  0.71905454262174551  0.72984248572284793  0.74043801740585191  0.75099732164888289
  0.76143087656396158  0.77198940763823820  0.78262574971667409  0.79333197623769158
  0.80393234982403039  0.81450558983742694  0.82507782437021215  0.83564818126035789
  0.84637329563387254  0.85687707406539548  0.86740329716162745  0.87758083096609363
  0.88780155699521146  0.89820719499043011  0.90863824945148242  0.91910446161925941
  0.92916218349216617  0.93921052199758770  0.94902858351408026  0.95888287782199455
  0.96918664127395804  0.97952207437508909  0.98992066989113003  1.00000000000000000
  0.01427926321317953  0.02702080396375160  0.04414605857730153  0.05964846682425139
  0.07373824331571242  0.08717497837653085  0.10006891508145845  0.11262834245795439
  0.12524031203299910  0.13838140485741426  0.15157845059252811  0.16448545337176732
  0.17733843651326492  0.19033447618987581  0.20334774653972010  0.21610669751067060
  0.22870913626463496  0.24120934749016429  0.25349019757045033  0.26540144750270495
  0.27729048099774140  0.28926068377571623  0.30130655134835721  0.31345559706345388
  0.32583540495870034  0.33808558649436243  0.35009449832028028  0.36199806651595701
  0.37384939002270107  0.38560378083374114  0.39744609648286117  0.40960979280967047
  0.42190167157826181  0.43406527815167684  0.44600852055583112  0.45778581957531567
  0.46960703201552922  0.48122806141315383  0.49273791516321275  0.50432217485090514
  0.51607509998703616  0.52766278580144943  0.53910488310763760  0.55064770277632147
  0.56212744274536985  0.57333231621548575  0.58429962781425882  0.59510135487561422
  0.60588226778498588  0.61656704064011214  0.62715135207121886  0.63769069517413379
  0.64829654553465077  0.65900263802718340  0.66957152768331563  0.67984011410190026
  0.68999676989644143  0.70023103243940243  0.71020921787403024  0.72038134599355985
  0.73031127483411806  0.74017912247876128  0.75004450588152671  0.75980487143918063
  0.76961142991398090  0.77923779857474496  0.78895594300643290  0.79846331189497655
  0.80765552250584738  0.81625737708506063  0.82467505191742307  0.83325645823673922
  0.84192213061809040  0.85040863372439568  0.85856888019888711  0.86633064036436425
  0.87393983397636110  0.88157593088892638  0.88930427283072766  0.89706223531816343
  0.90450668276979407  0.91166924893310031  0.91870499635929948  0.92585296581894960
  0.93312006342709264  0.94042214265099644  0.94757161510016996  0.95453071908045994
  0.96132164444346280  0.96761173425129943  0.97344488434119081  0.97926212903565757
  0.98487555964626872  0.99000794856693952  0.99488422372066765  1.00000000000000000
 -0.00238318132722427  0.00952745269581016  0.01930080041521131  0.02980051799205965
  0.04035761116768382  0.05116782791878812  0.06186207211962947  0.07238303550583296
  0.08302421289789058  0.09379654846005173  0.10442343802199214  0.11485445650832174
  0.12516804229357495  0.13588175909580000  0.14638492822189408  0.15696225467436811
  0.16733112087969274  0.17782323428001909  0.18839526536558471  0.19890672598098835
  0.20922513603170517  0.21906883027849072  0.22903232592570227  0.23939445209966259
  0.25034017557162436  0.26111346579797162  0.27185808171361775  0.28250009524157726
  0.29318665063838678  0.30377006968041120  0.31439327763258895  0.32508873546813771
  0.33567702072840472  0.34600705366361878  0.35644920447507555  0.36715753827876524
  0.37765583917094020  0.38791314917870978  0.39840973378859174  0.40918347570204572
  0.42001419657809835  0.43039548953585438  0.44074313315692965  0.45106994214425472
  0.46148730713924241  0.47202839684577896  0.48254109606006634  0.49310025585300593
  0.50332203712892609  0.51349520946523697  0.52378972324231543  0.53417979659958470
  0.54434956034824866  0.55456215720763569  0.56488420355757374  0.57566454279369739
  0.58612030372269963  0.59654160740507123  0.60693131555646584  0.61739483430114894
  0.62786422250361884  0.63820308760517430  0.64828815421709352  0.65839400691763539
  0.66849491297674357  0.67893959758440248  0.68930474338240610  0.69970144006036183
  0.71000941623751590  0.72049231645367651  0.73076227727210852  0.74116530034169470
  0.75185977882861343  0.76294070884187604  0.77415796130390557  0.78491923991809331
  0.79588408314133785  0.80633630015568525  0.81685824280045993  0.82734646307932391
  0.83806906944943305  0.84883812492780419  0.85954689477290425  0.87037871897116703
  0.88135934223865031  0.89267522715625114  0.90386386371311200  0.91484288622408572
  0.92558534788501134  0.93625612168011707  0.94699280732539948  0.95764076569298306
  0.96824766496956671  0.97863822377985887  0.98939522192383500  1.00000000000000000
  0.11699677352440402  0.13997473610392938  0.14810726248194525  0.15605607024128601
  0.16436994400413893  0.17255540040983028  0.18038245772415298  0.18871909169988960
  0.19658429957149298  0.20422981483769834  0.21165547311984140  0.21891293202539855
  0.22636414925536180  0.23357390457493515  0.24150073320664847  0.24926563482180797
  0.25699979183554206  0.26454451288638287  0.27191756965483371  0.27918352806611901
  0.28646694332250983  0.29394137928983577  0.30155577454754723  0.30923395660610309
  0.31685361622515967  0.32452165687419637  0.33219374966913634  0.34006610480903821
  0.34798004144121220  0.35585903830756493  0.36382968743237665  0.37177618441474536
  0.37974121073655970  0.38768828667206562  0.39569994009999776  0.40369710449184060
  0.41166790088071831  0.41964059582193991  0.42761522790234391  0.43559853696106859
  0.44359228802335038  0.45167394069627481  0.45977672124241720  0.46796515260129884
  0.47617645560956673  0.48445953693403143  0.49277838124189355  0.50102453638005739
  0.50925372529175050  0.51754980246227789  0.52588012664325912  0.53419710475561810
  0.54255643962226219  0.55103727945620917  0.55962262859031131  0.56825485591585545
  0.57692288344039955  0.58566884951872966  0.59449735700702344  0.60336481372492534
  0.61230957997163382  0.62135888013998497  0.63041406055488969  0.63938151795567655
  0.64834580555236654  0.65739175336869682  0.66662608864789685  0.67596945273978282
  0.68531584832466597  0.69459399549735001  0.70377394643064606  0.71303917363810743
  0.72245331028362614  0.73200967256738669  0.74168932518338448  0.75144072477551216
  0.76125545983189813  0.77108295522932035  0.78111988398895793  0.79147224392194293
  0.80218424069816696  0.81304086934719511  0.82401242138328235  0.83495888001970120
  0.84594342059355299  0.85697388341063796  0.86806188790605254  0.87945062511266170
  0.89124177713830621  0.90358964657322149  0.91654599598969400  0.93018200161807574
  0.94457723585642794  0.96014642119111049  0.97856020556573819  1.00000000000000000
 -0.00217406155914664  0.07023240256319524  0.11717102412412778  0.12694660592199039
  0.13818637444430010  0.14831162273822493  0.15736629423763490  0.16600545655805141
  0.17406476764026535  0.18206855730561400  0.19020517139234408  0.19752178327137446
  0.20460440547042535  0.21137753426994674  0.21816162100335604  0.22502053318340712
  0.23170706995178442  0.23824945030479591  0.24468349307533585  0.25110883778021759
  0.25759691518041000  0.26413172816531622  0.27060190256800332  0.27678027911617781
  0.28280052472025247  0.28874865200422872  0.29466788104622943  0.30058606929071363
  0.30655347313103704  0.31258813968012117  0.31851683295042321  0.32439902314354274
  0.33020918533697202  0.33600459237242208  0.34179002879896919  0.34758444270203787
  0.35336997689521660  0.35906986219615533  0.36482514556744150  0.37065331499432003
  0.37654849115203903  0.38248514643626080  0.38841191468229896  0.39430024895338744
  0.40011821832741906  0.40588675233033994  0.41171148314064593  0.41769228528681457
  0.42383596640781535  0.43003037943851785  0.43622353735917629  0.44241724352798645
  0.44856642269576058  0.45465601292916702  0.46069567914535459  0.46679531354433490
  0.47300165864707594  0.47930505249721378  0.48580492083767812  0.49232658662207784
  0.49889090732907904  0.50548464236085189  0.51206264341071894  0.51864516547907380
  0.52545989798059045  0.53255667487132485  0.53979850007497399  0.54723654081329220
  0.55472832778390480  0.56230330943692175  0.57006662890489912  0.57787964859498986
  0.58593987378287293  0.59420607006514459  0.60277685261137937  0.61141635875323730
  0.62008192583096633  0.62883686014940288  0.63778633391002659  0.64704792691740254
  0.65651585802363677  0.66608365616181742  0.67582911588933237  0.68582465895722533
  0.69624539632480364  0.70700600107794387  0.71804489978795183  0.72928873092575508
  0.74067746047819594  0.75251897954344571  0.76527582056012333  0.77935274382816000
  0.79450106310078661  0.81132097711655926  0.83025604925930840  1.00000000000000000
   9.6349990952277300E-004  -1.0000000000000000     
 F F F F F F F F F F F F F F F F F F F F F F F F F F F F F F F F F F F F F F F F F F F F F F F F F F F F F F F F F F F F F F F F F F F F F F F F F F F F F F F F F F F F F F F F F F F F F F F F F F F F F F F F F F F F F F F F F F F F F F F F F F F F F F F F
  <DiscreteSampler_grid>
  grouped_processes
  1 # 1 for a reference and 2 for a running grid.
  10 # Attribute 'min_bin_probing_points' of the grid.
  1 # Attribute 'grid_mode' of the grid. 1=='default',2=='initialization'
  0.0000000000000000 # Attribute 'small_contrib_threshold' of the grid.
  0.5000000000000000 # Attribute 'damping_power' of the grid.
 # binID   n_entries weight   weight_sqr   abs_weight
    19   10   3.982825793697465E+003   5.328671195186435E+007   3.982825793697465E+003
    20   10   3.982825793697465E+003   5.328671195186429E+007   3.982825793697465E+003
    22   10   9.991096853610485E+002   3.324444798244770E+006   9.991096853610485E+002
    23   10   9.991096853610485E+002   3.324444798244766E+006   9.991096853610485E+002
    25   10   3.892353651539973E+003   5.324724569616314E+007   3.892353651539973E+003
    26   10   3.892353651539973E+003   5.324724569616304E+007   3.892353651539973E+003
    28   10   9.641223822385582E+002   3.321530276279448E+006   9.641223822385582E+002
    29   10   9.641223822385584E+002   3.321530276279444E+006   9.641223822385584E+002
  </DiscreteSampler_grid>
