  0.00000012364339223  0.00000012706070811  0.00000013687312747  0.00000014923438906
  0.00000016311766441  0.00000017750140774  0.00000019263589953  0.00000020909723590
  0.00000022719984410  0.00000025006293472  0.00000027653642174  0.00000030840658791
  0.00000034157642566  0.00000037535429485  0.00000041021471712  0.00000044742816326
  0.00000048702756107  0.00000053161808687  0.00000057930199594  0.00000062946338621
  0.00000068544966185  0.00000075087633849  0.00000082626659537  0.00000091333792394
  0.00000101202505922  0.00000112234920905  0.00000124249279124  0.00000137108295092
  0.00000151288706426  0.00000167502422885  0.00000186102205827  0.00000207091721916
  0.00000230039565902  0.00000254076030435  0.00000281430889551  0.00000312054494629
  0.00000346335943100  0.00000385917338961  0.00000428587809491  0.00000476637795620
  0.00000524971880528  0.00000575188546642  0.00000630663354859  0.00000692095652165
  0.00000761579740232  0.00000839107328829  0.00000930306401788  0.00001026386597433
  0.00001135325701724  0.00001253077763969  0.00001385232931170  0.00001536726527317
  0.00001705443788478  0.00001898435038796  0.00002116084272665  0.00002341814702612
  0.00002556064372601  0.00002787099251856  0.00003040192531190  0.00003304576777735
  0.00003705200821378  0.00004113234554865  0.00004598858807034  0.00005139104121210
  0.00005713546345060  0.00006378897457919  0.00007117519007773  0.00007913570442107
  0.00008811633083570  0.00009823106806291  0.00011082427411783  0.00012572183611406
  0.00014226485958945  0.00016135930326784  0.00018453155980885  0.00021138931836353
  0.00024156382947776  0.00027473792342953  0.00031068951517980  0.00035379647391637
  0.00040942943090053  0.00047525983467998  0.00054489854191098  0.00061454896805034
  0.00068291674508060  0.00077774784191709  0.00093556686428886  0.00108240459181388
  0.00127929677481102  0.00154762890340612  0.00189275535808346  0.00232933255083957
  0.00294223314103840  0.00413792748604466  0.46584193809832175  1.00000000000000000
  0.00000269765116376  0.00000271978024949  0.00000276416447806  0.00000281632207680
  0.00000289435566316  0.00000295746686192  0.00000300919690457  0.00000307551805175
  0.00000314136101673  0.00000320736560162  0.00000327803152739  0.00000334858850588
  0.00000343000003673  0.00000355766537738  0.00000368665792433  0.00000386908118275
  0.00000406377763078  0.00000428333255154  0.00000454968540162  0.00000486286773465
  0.00000521119673202  0.00000558477554488  0.00000598664301122  0.00000643292357759
  0.00000692435530618  0.00000745502424954  0.00000801859589379  0.00000861253033626
  0.00000924420869328  0.00000991455678864  0.00001061783770730  0.00001136288438149
  0.00001216230676569  0.00001304233369892  0.00001399461053687  0.00001501291185699
  0.00001610940412978  0.00001732418959315  0.00001865459773358  0.00002009090196217
  0.00002163056865959  0.00002320696881300  0.00002482516729714  0.00002655067876902
  0.00002847260630619  0.00003062734785873  0.00003297336781276  0.00003547329392370
  0.00003818948272395  0.00004108121331617  0.00004413025200580  0.00004734387372930
  0.00005089228968363  0.00005483506522252  0.00005926068689297  0.00006375168865351
  0.00006833068626569  0.00007317694289150  0.00007873647556040  0.00008517912404822
  0.00009251548725912  0.00010041947967932  0.00010898000448891  0.00011802587193621
  0.00012758698311005  0.00013787435613854  0.00014904256761200  0.00016163894721951
  0.00017526190025453  0.00018969984913552  0.00020481563145144  0.00022129431844335
  0.00023906706465073  0.00025698218068726  0.00027646127564684  0.00029829031562891
  0.00032676502030882  0.00035870199266510  0.00039007552686903  0.00042590402190027
  0.00047428797061630  0.00055230129299636  0.00063706779819615  0.00072736270056163
  0.00082468455169661  0.00095026966078668  0.00107693947402765  0.00121723065945199
  0.00141061965230741  0.00175649156753312  0.00233755549785205  0.00271509925986476
  0.00315005155448722  0.00429545227511665  0.03435164151509675  1.00000000000000000
  0.00000255122158652  0.00000276407151078  0.00000297933558089  0.00000318182446617
  0.00000340114297066  0.00000362966134175  0.00000387539696275  0.00000412849486243
  0.00000438638481673  0.00000465303084441  0.00000492412302424  0.00000520599315493
  0.00000549694574947  0.00000579770704838  0.00000612479780462  0.00000648042277577
  0.00000685907087463  0.00000724853491824  0.00000763901872202  0.00000804230973341
  0.00000849754410605  0.00000897795657001  0.00000949175309989  0.00001001447538010
  0.00001055087824801  0.00001113698994864  0.00001173886850717  0.00001236098754095
  0.00001301761556448  0.00001371026385709  0.00001446537492895  0.00001530174720940
  0.00001619549392133  0.00001713932703539  0.00001812495854678  0.00001912408827307
  0.00002015306804446  0.00002129633141090  0.00002251688704216  0.00002393271789702
  0.00002542036194046  0.00002686122218392  0.00002820743973550  0.00002957158088683
  0.00003104088529796  0.00003266220179989  0.00003464385830350  0.00003680983341387
  0.00003906392430778  0.00004146367371463  0.00004389572624556  0.00004639152039421
  0.00004896841739137  0.00005194186821158  0.00005543073742339  0.00005931672847442
  0.00006304920453624  0.00006717639390421  0.00007171362254790  0.00007674984235736
  0.00008218906722886  0.00008805124881554  0.00009441837349469  0.00010177097906415
  0.00010972032402804  0.00011806915856334  0.00012618337406243  0.00013395533864434
  0.00014528679862476  0.00015724686424659  0.00017209374968981  0.00018747282496978
  0.00020406075939724  0.00022115469664667  0.00024288839046461  0.00026723265901791
  0.00028979767940372  0.00030948758730490  0.00033031850833733  0.00035324511300239
  0.00038180036933574  0.00042010230894953  0.00047563084033084  0.00055165442202424
  0.00064095427219914  0.00077279503773715  0.00092405116179929  0.00111589009358436
  0.00129006793695181  0.00142340040280175  0.00163113490648270  0.00186444566588430
  0.00211962670718078  0.00296295835804067  0.17419096183290417  1.00000000000000000
 -0.00274394248869894  0.01194611483615213  0.02382419742944178  0.03663740106716606
  0.04925267012075443  0.06231321630323609  0.07421448611803004  0.08609385291944649
  0.09757184467513824  0.10604007408685866  0.11312016174801236  0.12027026875352251
  0.12768188784364909  0.13691880098173551  0.14761444794638445  0.15786553515199989
  0.16827660198462677  0.17905299346563955  0.18920034782216916  0.19871524780091318
  0.20854014438675661  0.21872087380357014  0.22856860973021886  0.23803799303447565
  0.24732141818060055  0.25683463551451868  0.26677044149822426  0.27697566228617376
  0.28732662067444431  0.29761177626170371  0.30788495051638048  0.31814525408019950
  0.32846514347210093  0.33903355355305342  0.34978576957654151  0.36043155936511984
  0.37099593742862597  0.38164308057300428  0.39229723528994875  0.40311193155815789
  0.41428317803011433  0.42575080109695307  0.43706011881670892  0.44801903909420682
  0.45903458394466923  0.46986356931019446  0.48070921207948475  0.49093421922995545
  0.50115155836079983  0.51107208137333326  0.52103254304218150  0.53102317692317125
  0.54119703132954533  0.55178247411262726  0.56159228670033479  0.57096374682516382
  0.58059471365039628  0.59077694938105652  0.60174035758811284  0.61265366425294421
  0.62387536602455351  0.63521259800890251  0.64631834734572857  0.65725392278079942
  0.66798806579090542  0.67872811851320303  0.68949481118667710  0.70090980293769223
  0.71210205000705495  0.72343030837017086  0.73452049683019349  0.74552058561666235
  0.75591156113633895  0.76606993367697407  0.77580273248622800  0.78558698092150170
  0.79556229914947107  0.80573483840769666  0.81606833530925382  0.82658615096748111
  0.83748467718407449  0.84838646399516682  0.85910584268602008  0.86933983595603459
  0.87955842219018598  0.89010137462716088  0.90093181426373736  0.91174064529488796
  0.92220114209370052  0.93285897727029687  0.94318983859203664  0.95411560249344107
  0.96496426383198131  0.97670131981576447  0.98829350707942432  1.00000000000000000
 -0.00200922045164111  0.00929383418485888  0.01912762462633722  0.02944282587325371
  0.04006109967143427  0.05092915638443889  0.06192393206168836  0.07302177136934840
  0.08379538827497332  0.09410310994005028  0.10455128874622460  0.11564369287466084
  0.12745098792407222  0.13900235070426414  0.15053836324121733  0.16230343613684631
  0.17408603217450971  0.18549945208576557  0.19627446596662285  0.20626952167731502
  0.21616158227674673  0.22623169462553630  0.23664482931700426  0.24724272469467912
  0.25829679021817015  0.27015309991317349  0.28118523263720024  0.29218330940165455
  0.30325231265855196  0.31446730681835050  0.32401882137690324  0.33349999211784248
  0.34280212410693039  0.35275699163129870  0.36219451916733919  0.37214455813674430
  0.38213251106560353  0.39324128914671375  0.40321167616820258  0.41281818588615959
  0.42243787103407587  0.43282458886976011  0.44379943276736783  0.45475525802111388
  0.46572495948194309  0.47622515747541494  0.48699179982827029  0.49752414405574480
  0.50800504516853973  0.51815460726501361  0.52885492438597559  0.53990775637074229
  0.55120339757637449  0.56244373153451599  0.57319433821855037  0.58075380745432215
  0.58870903411939146  0.59649226416569012  0.60542850367156698  0.61618008026007776
  0.62722745576238847  0.63852300752219149  0.65028666402616175  0.66224337605725314
  0.67371723004932793  0.68479004098306873  0.69570834367965340  0.70667252174229500
  0.71769208189116029  0.72871252250805174  0.73996421048286587  0.75144506891627094
  0.76274199979802615  0.77357493968183944  0.78302820745858626  0.79185178712895787
  0.80036592634088966  0.80875219222072448  0.81910976485623532  0.82971785957741095
  0.83997070756568093  0.84988870737340472  0.86035604533163346  0.87174336223325677
  0.88354749641101982  0.89521358056934053  0.90619393933476411  0.91715465148687425
  0.92747230623893739  0.93783421583482629  0.94819528148902354  0.95901696678243009
  0.96997794033934404  0.98005754116252408  0.99011482320798272  1.00000000000000000
 -0.00241190196904613  0.00982080451326148  0.02027200982519555  0.03128116034838089
  0.04104175826648049  0.05069419975659158  0.06013883202951886  0.06956123750920210
  0.07942883589662418  0.08988759950962383  0.10085409423580260  0.11183187165411003
  0.12239025388059575  0.13303067323667644  0.14377999583106446  0.15426523595265770
  0.16443293358917113  0.17491331935190987  0.18570144063799654  0.19687282944869924
  0.20783786373023180  0.21898606021349298  0.23017391649013250  0.24166052944875335
  0.25276773009994385  0.26362713268965021  0.27460965476124516  0.28564846220575069
  0.29645506313623515  0.30672051862764921  0.31671721047529072  0.32686475728595865
  0.33694289596217242  0.34724352046841817  0.35786629939780612  0.36856501169196215
  0.37943905490303909  0.39020188685766866  0.40071439415160998  0.41095515814972411
  0.42097111696714645  0.43107247107364610  0.44161075733472965  0.45242662238039894
  0.46320836301318791  0.47385476988378550  0.48433523774210441  0.49456561689190476
  0.50479063811687308  0.51481569853942710  0.52370445809831923  0.53268781460363845
  0.54134657175335199  0.55085641466187696  0.56131076686980075  0.57215881341334429
  0.58318511763514747  0.59435092854444138  0.60510519507034211  0.61576139963079413
  0.62612046420328105  0.63633016816482779  0.64679038695753910  0.65701043971462925
  0.66728965366558390  0.67753602706275651  0.68793024993269580  0.69896999944703619
  0.71062328479887216  0.72304446901773611  0.73474105797295897  0.74556230287634229
  0.75512726686901055  0.76464712005645563  0.77433075579376109  0.78497164840925837
  0.79645352291994864  0.80798716090030531  0.81902651316328845  0.82977768319375467
  0.84075491704569671  0.85185154357624027  0.86320630963554790  0.87431504378374325
  0.88515722654862139  0.89519551469034875  0.90466748191255042  0.91397289957406569
  0.92338270846430626  0.93313847736234157  0.94349443904175334  0.95403055636050449
  0.96505522849943726  0.97626669044378700  0.98815371963982113  1.00000000000000000
 -0.00005847663638824  0.00006836446588246  0.00017955971807920  0.00029283557591187
  0.00041073227127620  0.00052862896664053  0.00059462611482639  0.00065087762754124
  0.00071032003626806  0.00077109796220268  0.00083266703264845  0.00089453297792488
  0.00095615138445882  0.00101770163859712  0.00108801013932440  0.00116009820212241
  0.00123686836503621  0.00131421563633251  0.00139265144661074  0.00147126186764120
  0.00154807359075486  0.00162460665530309  0.00170348333063972  0.00178288571267320
  0.00186564525253721  0.00194898606210648  0.00200868938736006  0.00206793166452818
  0.00212683418816644  0.00218510022083474  0.00224336625350304  0.00230175297436995
  0.00236022002340510  0.00241868707244025  0.00249885174022231  0.00258387473485748
  0.00268104760081432  0.00278172457416991  0.00289082392957066  0.00300250832876696
  0.00311612744088124  0.00323296420964968  0.00334044790432090  0.00344050006293276
  0.00353888011855615  0.00363099930315841  0.00372224722431121  0.00381026640761812
  0.00388171019193877  0.00395978325554681  0.00403739624599175  0.00411133004971685
  0.00419485861992316  0.00428127457031217  0.00439010675165369  0.00451296102944418
  0.00462538314702822  0.00472411430475437  0.00481606563334245  0.00492650459182014
  0.00505922168519891  0.00518642146286612  0.00531067710629258  0.00545303935424038
  0.00562015460260893  0.00582122094423180  0.00601079947572879  0.00621517447719801
  0.00642969023790107  0.00663231249940145  0.00683613588721122  0.00707015708335793
  0.00743069643074868  0.00766016444221256  0.00786655982887315  0.00804682802122736
  0.00825680300452829  0.00861029335063915  0.00896906030327641  0.01008772025057329
  0.01035212702102915  0.01060944311806040  0.01091574836797797  0.01138743538980678
  0.01237187668006842  0.01289244643817366  0.01338213364320566  0.01391681265064027
  0.01461627262881879  0.01542319275753906  0.01654469113857881  0.02820804998656677
  0.02882778412920012  0.03004522279295782  0.03203824835766857  1.00000000000000000
 -0.00293207826803766  0.01416822377164434  0.02897336691822317  0.04353362433275017
  0.05763041477476662  0.07240776659963988  0.08737749759038968  0.10031840717964073
  0.11212772792495693  0.12334191415443879  0.13573371912178342  0.14755322726778730
  0.15875716236354559  0.16972584303799940  0.18126893953283854  0.19311649490596960
  0.20510987253670893  0.21697689006843973  0.22876725212500690  0.24025264064141211
  0.25157710513473819  0.26297703453021715  0.27421672879878228  0.28528980013289296
  0.29601501247373757  0.30652734068929421  0.31679261615581084  0.32701154244176395
  0.33735501160655945  0.34769469056344110  0.35819768447171668  0.36862389228174630
  0.37901564275457778  0.38888810049632561  0.39840679649575739  0.40748782764858738
  0.41581721714531289  0.42386260664887138  0.43193066756924942  0.44010405179890072
  0.44811135439300509  0.45617985590182697  0.46364246732973169  0.47139853164558670
  0.47895836046169576  0.48617069160146642  0.49316475671995957  0.50027803791388981
  0.50744883896792037  0.51525518642558021  0.52329648962530717  0.53132329761209651
  0.53930563738521653  0.54727541091129639  0.55548975286235447  0.56406630645920663
  0.57296561020538328  0.58198182181347757  0.59085304131485261  0.59965194979776215
  0.60853653810472175  0.61754238478326451  0.62680532450599091  0.63655531608360150
  0.64675371459966613  0.65694866849836586  0.66706911335182362  0.67766830209298623
  0.68856597630874028  0.69901092622111949  0.70941540476401277  0.71966639881145789
  0.73058682265023278  0.74099020710799279  0.75211611691611591  0.76390310055505650
  0.77627552539563371  0.78791371591099035  0.79620312964838635  0.80428991233312608
  0.81244560053494375  0.82085529822076064  0.83132867453302961  0.84267853917193081
  0.85417833419242528  0.86578422719881032  0.87764186262578081  0.89030314280929335
  0.90377526553294585  0.91686564451756902  0.92982893573170144  0.94302327481592452
  0.95679884233527246  0.97158678758927453  0.98579215545679255  1.00000000000000000
  0.32381516320383225  0.37525203330862544  0.39432567510178335  0.40602631278124907
  0.42533493359511076  0.44744311791053265  0.46451080357346786  0.47311464792959335
  0.48096811607455869  0.48889024819363519  0.49738840645850030  0.50472790816614543
  0.51083669577318314  0.51694861590304642  0.52349126226228204  0.53073183803313007
  0.53781008321211288  0.54421427652524601  0.55044160586136337  0.55656295395073374
  0.56317270668403774  0.57044671877233499  0.57800143948816951  0.58542163570843786
  0.59266425481879770  0.59962864859488685  0.60660537582765739  0.61398771638485528
  0.62159218439237707  0.62916436589821778  0.63603577583901083  0.64251685874120990
  0.64862291518436566  0.65471014490315160  0.66078381866190194  0.66683306296729772
  0.67271489683657004  0.67827143770417564  0.68362159046892290  0.68879923640362561
  0.69422588695901888  0.69987286450205843  0.70572563454391002  0.71162915704974727
  0.71747399352174079  0.72327641172392099  0.72891379876083473  0.73442052124620860
  0.73977644494319961  0.74497891779534720  0.75022477314387948  0.75596042018520626
  0.76177358663134431  0.76743603705526642  0.77281211001049821  0.77818119334457292
  0.78392362322228037  0.78973283860032939  0.79531401791412493  0.80077957485435836
  0.80621320087895432  0.81170197400536592  0.81719458218433083  0.82254662792614830
  0.82793652319033439  0.83326932498406725  0.83869759012189715  0.84417255747041786
  0.84963609404152118  0.85509413396215750  0.86056274433370183  0.86596410212749064
  0.87120228198138538  0.87641708578573674  0.88169182764886933  0.88702195613715096
  0.89254608698279592  0.89807085106747242  0.90369633565205709  0.90934241513535363
  0.91499247561638797  0.92052349514098608  0.92585007301880451  0.93110414894914939
  0.93631397657797222  0.94149347816455808  0.94692444251083641  0.95231182784230983
  0.95783310133343347  0.96298210285540586  0.96777446747405438  0.97256719847346373
  0.97774121338587305  0.98367137377848757  0.99148654868003372  1.00000000000000000
 -0.01135358396728077  0.09509710095329588  0.11537698580133283  0.12946527581796963
  0.14129690127137232  0.15200303672369234  0.16161403369840310  0.17053789134120342
  0.17877722317473074  0.18690121335252763  0.19421989420973690  0.20096012611936442
  0.20738597139848322  0.21376490913959059  0.22041409092512479  0.22734362106597289
  0.23414808991736033  0.24068571881047549  0.24723780138712714  0.25371398691060565
  0.25985431687143257  0.26597871253545369  0.27202867613204523  0.27811658826068802
  0.28413751410974664  0.29002480156765709  0.29573336702853231  0.30137952951805846
  0.30713120661297200  0.31290518674940210  0.31909033811669296  0.32537934138628011
  0.33155523910082851  0.33786979768357650  0.34410560657373729  0.35038184418118262
  0.35670634000071344  0.36309818365428254  0.36952826136675204  0.37584423339505052
  0.38195650387800018  0.38801706583422862  0.39406746837841627  0.39997294336093214
  0.40593410624446163  0.41184194143266839  0.41803138558948111  0.42414558362309540
  0.43003593399330264  0.43598510161269993  0.44205238403555941  0.44846422847658379
  0.45507897485310733  0.46198107102358016  0.46902704189894057  0.47615009927298174
  0.48335855106500136  0.49071192814408943  0.49842067329154671  0.50603176361144953
  0.51379706226398436  0.52079178377496316  0.52830751031363321  0.53550720056551182
  0.54284274719706760  0.55011675239503621  0.55747422250652168  0.56495025469808502
  0.57331929512504043  0.58207729341919834  0.59101719738068381  0.59982579914268985
  0.60857197108242422  0.61775958157099387  0.62729286858839850  0.63699280387528989
  0.64707091764425273  0.65538680030855512  0.66300976061338179  0.67092682134620085
  0.67915058162026121  0.68922660915607792  0.70066846346826062  0.71188690858641701
  0.72362542418790909  0.73614974160611391  0.74976881154259012  0.76313292668753707
  0.77617725409992089  0.78878526041769015  0.80307264982836157  0.81840022256089051
  0.83479399316629999  0.85321865883934744  0.88346997607437383  1.00000000000000000
   6.0676361394361505E-005  -1.0000000000000000     
 F F F F F F F F F F F F F F F F F F F F F F F F F F F F F F F F F F F F F F F F F F F F F F F F F F F F F F F F F F F F F F F F F F F F F F F F F F F F F F F F F F F F F F F F F F F F F F F F F F F F F F F F F F F F F F F F F F F F F F F F F F F F F F F F F F F F F F F F F F F F F F F F F F F F F F F F F F F F F F F F F F F F F F F F F F F F F F F F F F F F F F F F F F F F F F F F F F F F F F F F F F F F F F F F F F F F F F F F F F F F F F F F F F F F F F F F F F F F F F F F F F F F F F F F F F F F F F F F
  <DiscreteSampler_grid>
  grouped_processes
  1 # 1 for a reference and 2 for a running grid.
  10 # Attribute 'min_bin_probing_points' of the grid.
  1 # Attribute 'grid_mode' of the grid. 1=='default',2=='initialization'
  0.0000000000000000 # Attribute 'small_contrib_threshold' of the grid.
  0.5000000000000000 # Attribute 'damping_power' of the grid.
 # binID   n_entries weight   weight_sqr   abs_weight
    19   10   2.260256283226963E+002   4.536505157691424E+005   2.260256283226963E+002
    20   10   2.260256283226965E+002   4.536505157691430E+005   2.260256283226965E+002
    22   10   5.629899554785398E+001   2.821045796007022E+004   5.629899554785398E+001
    23   10   5.629899554785402E+001   2.821045796007026E+004   5.629899554785402E+001
    25   10   2.258900622609335E+002   4.563935292751460E+005   2.258900622609335E+002
    26   10   2.258900622609337E+002   4.563935292751468E+005   2.258900622609337E+002
    28   10   5.650328614175577E+001   2.855332296600874E+004   5.650328614175577E+001
    29   10   5.650328614175582E+001   2.855332296600880E+004   5.650328614175582E+001
  </DiscreteSampler_grid>
