 -0.00262081114073619  0.01350238835522616  0.02693394024997181  0.03984826943231264
  0.05243442210972619  0.06437540316670413  0.07551480346899674  0.08622391385530306
  0.09731949440165244  0.10880358863320297  0.12028624593499920  0.13173298731384916
  0.14397634281801522  0.15536006932249774  0.16627841631809487  0.17683865070239430
  0.18811244592397600  0.20015039144368535  0.21183116612116812  0.22263634267141366
  0.23297243678470275  0.24333571739842239  0.25397839653088522  0.26500340790164312
  0.27591146152922830  0.28679777160026326  0.29730930668565603  0.30821806099805160
  0.31918616669875710  0.33009351633769402  0.34090650079911716  0.35170178336523450
  0.36258637833176777  0.37367453652888444  0.38497910708026806  0.39586004836005567
  0.40629674207970673  0.41626342567338415  0.42640150251301906  0.43704039525326316
  0.44815349618281936  0.45942335772092996  0.47056779611658622  0.48181935179950192
  0.49324709961203089  0.50429869059178922  0.51504301305805433  0.52556868884999042
  0.53639975627963155  0.54674487467364519  0.55655229743503165  0.56624828232789870
  0.57534480561228518  0.58404255904275970  0.59296679218889281  0.60235369588189780
  0.61326965931089894  0.62465454404528731  0.63581739113570912  0.64709728965642932
  0.65846737150807844  0.66967275463548648  0.68077075156838973  0.69189847052398235
  0.70334080187902093  0.71437730502768126  0.72435439631918697  0.73387314432602702
  0.74331906714883911  0.75355125811940005  0.76393737108838633  0.77361182426285702
  0.78310254719446959  0.79309583495389302  0.80370104979611345  0.81442564810189499
  0.82505794589800152  0.83541186987142990  0.84539690165180825  0.85544646642428457
  0.86478387054594152  0.87425215694642189  0.88389242050914441  0.89390349035196670
  0.90418620720549991  0.91458346839670923  0.92497520947928080  0.93487488182176748
  0.94443759510674863  0.95388239474570957  0.96345995984495370  0.97218754048752354
  0.98075760479734853  0.98813123520132895  0.99427077071031300  1.00000000000000000
  0.00000277727886794  0.00000306726778667  0.00000321215141195  0.00000328683002738
  0.00000338455800975  0.00000350568521610  0.00000366923115673  0.00000384481082077
  0.00000402163793819  0.00000420682977573  0.00000440383780585  0.00000461613556760
  0.00000484932507628  0.00000506498066255  0.00000531893218300  0.00000558690527609
  0.00000587588680367  0.00000621315040242  0.00000656703458647  0.00000695598324213
  0.00000738164080295  0.00000783833599167  0.00000832995833753  0.00000886313555497
  0.00000947044641325  0.00001013791312894  0.00001085899186960  0.00001168284048563
  0.00001260906062189  0.00001363060317944  0.00001474564924742  0.00001590654700360
  0.00001717164112694  0.00001846934386043  0.00001984493904596  0.00002128735258472
  0.00002280542666199  0.00002452632878721  0.00002641671373262  0.00002851515124681
  0.00003065804376945  0.00003302789152417  0.00003553289559265  0.00003846223446339
  0.00004144308099260  0.00004475398947592  0.00004782985878218  0.00005104528920239
  0.00005452541520634  0.00005821649471646  0.00006202487835996  0.00006605312274114
  0.00007029803861810  0.00007522530948806  0.00008101360080870  0.00008734089299978
  0.00009411332370879  0.00010107322523830  0.00010854592519533  0.00011637969029512
  0.00012491073493672  0.00013454450739312  0.00014519813102098  0.00015668117038481
  0.00016880084276469  0.00018159503901670  0.00019559554167909  0.00020905009053273
  0.00022410818757583  0.00024040220948869  0.00025962704396497  0.00028184734877058
  0.00030609570791452  0.00033342446347393  0.00036303719825900  0.00039703376382225
  0.00043743560930263  0.00048411201296786  0.00053919009986803  0.00059417292587478
  0.00063466923887691  0.00067842132860784  0.00072646445830999  0.00077365489862429
  0.00085580296863601  0.00097672843588165  0.00115761056040724  0.00130228802979878
  0.00142594144756562  0.00157093448424671  0.00174051912960886  0.00201979815975726
  0.00259039338342611  0.00366128492322610  0.04086723523328729  1.00000000000000000
  0.00000257606091588  0.00000277697588245  0.00000309383577880  0.00000340321475067
  0.00000369704386096  0.00000397571353896  0.00000425299049570  0.00000454586592683
  0.00000485950100574  0.00000518061605857  0.00000551021763414  0.00000585294564139
  0.00000621316207025  0.00000658752535416  0.00000694557359879  0.00000729578596163
  0.00000765434399510  0.00000803866795063  0.00000845417198551  0.00000887054365964
  0.00000930583346447  0.00000978178245508  0.00001026488663219  0.00001074919788532
  0.00001126340396103  0.00001177121737992  0.00001232901131220  0.00001290525891165
  0.00001347912741230  0.00001405778366936  0.00001469187772637  0.00001535302367042
  0.00001600506464814  0.00001666808605372  0.00001736505374399  0.00001811472192583
  0.00001890791379914  0.00001976653582732  0.00002070479787909  0.00002165118808843
  0.00002261356275240  0.00002367833514673  0.00002474975120835  0.00002590584855412
  0.00002716602710335  0.00002855074900004  0.00003005468412349  0.00003171415664559
  0.00003345437670677  0.00003534580997838  0.00003730135192755  0.00003928052416869
  0.00004126483558794  0.00004335880049371  0.00004568753923972  0.00004838301216321
  0.00005132254902895  0.00005432241058485  0.00005744242488993  0.00006079333444128
  0.00006450082121759  0.00006889061163575  0.00007391621440903  0.00007950059141141
  0.00008570149715079  0.00009266066608905  0.00010062423428929  0.00010903678001472
  0.00011754241049347  0.00012656468944947  0.00013739635527608  0.00015180780343850
  0.00016923306015403  0.00018889617039494  0.00021105047149915  0.00023707134008201
  0.00026857605412351  0.00030898940139272  0.00035924979407995  0.00042390737143862
  0.00050235007041282  0.00059168765135872  0.00067220153404293  0.00074706473620973
  0.00083669427213984  0.00098269721111377  0.00119089848456584  0.00147552418540581
  0.00178197371480121  0.00207081260071864  0.00256520063746090  0.00301544587408647
  0.00341875843230340  0.00398465810602122  0.00477380568096445  1.00000000000000000
 -0.00165754628066391  0.00879818791151569  0.01758614930990226  0.02653809419037218
  0.03537835691780830  0.04437062143493766  0.05412246002415042  0.06498466725707105
  0.07636639117159459  0.08720955521724214  0.09674102603005454  0.10515964459096717
  0.11332649661736975  0.12136384466600481  0.13025703391610907  0.13969197869476199
  0.14904760454223062  0.15829218967918490  0.16783847280122957  0.17759023626030129
  0.18763556271872625  0.19821006522349899  0.20935138702656766  0.22060556072118620
  0.23105548272705906  0.24079914734020183  0.25048535338330663  0.26031941874625003
  0.27024026413436808  0.28031962220086509  0.29005453924685015  0.29964147469898722
  0.30864830603011689  0.31811582678733547  0.32786128207185627  0.33790098037058119
  0.34800203979714045  0.35840992885318207  0.36927150588393459  0.38048197808850392
  0.39160202187767168  0.40207835975875761  0.41219911291422556  0.42226007185789172
  0.43375504485254651  0.44512880157184326  0.45578186655790970  0.46723743436441600
  0.47905389567752954  0.49142010242218309  0.50367215265101950  0.51563962803413166
  0.52724743029494892  0.53883095709354245  0.55048986737232353  0.56209210972896473
  0.57348721705798356  0.58453445735783860  0.59531803200050482  0.60625437087541645
  0.61755665836556195  0.62897145819151146  0.64035954902788184  0.65193706315899647
  0.66391422033436587  0.67596773857411374  0.68758801101592115  0.69887136603487476
  0.71008994771852740  0.72132387158647571  0.73234193388839641  0.74332991908267776
  0.75403729839855083  0.76514003157233346  0.77636606263803842  0.78855084545705068
  0.80062302565184629  0.81236883480974598  0.82384806032720292  0.83552463321410719
  0.84742533236503315  0.85833318532008684  0.86819970446133399  0.87788769724263316
  0.88826215187318147  0.89956894568212720  0.91041263451082310  0.92175685146997466
  0.93278861846020489  0.94414882963927638  0.95517346811544002  0.96331658469658388
  0.97204381163095310  0.98075159037109738  0.98930349854787503  1.00000000000000000
 -0.00240195988655663  0.01120443453960648  0.02169143106656582  0.03252939355780664
  0.04292515429176291  0.05401719993559850  0.06528089924052839  0.07653070174289439
  0.08735813940890932  0.09776118195603120  0.10756247528676896  0.11693715875169040
  0.12636060436859287  0.13578672650238155  0.14547404734050881  0.15559409526188503
  0.16612084328968466  0.17675697001692123  0.18667047373285803  0.19628435134134553
  0.20614004195140437  0.21668414241737577  0.22757360328830820  0.23832947402011373
  0.24880731202454787  0.25800910289453666  0.26612101941067040  0.27424705143487088
  0.28259874382054812  0.29225296749104301  0.30251880988496932  0.31193910385994750
  0.32072733056927483  0.32972726110797801  0.33953854111591003  0.34943012191467621
  0.35960654913080792  0.36987689172712862  0.38059440649430132  0.39142136332985145
  0.40214262195484685  0.41259614468990852  0.42299646982828709  0.43369404123801042
  0.44483688828968243  0.45520700583386181  0.46515364031081141  0.47501158836993795
  0.48518597617198056  0.49574371619751328  0.50663246345155122  0.51808726105134295
  0.52977253413403458  0.54081170470007089  0.55118332362684208  0.56164336434016982
  0.57288770043951021  0.58445340064208751  0.59552502939929797  0.60651050945410179
  0.61697882527365933  0.62693310786455059  0.63593662109779636  0.64514216916258260
  0.65468512161312986  0.66476288661545813  0.67530571249463212  0.68576054785071550
  0.69659690827345300  0.70748281547650227  0.71798585516164493  0.72851688749001542
  0.73956154005587671  0.75091167688096105  0.76193450090866643  0.77300530073458518
  0.78424196957595227  0.79553816389107268  0.80689754192488783  0.81808027034272846
  0.82981278880395548  0.84125827564232991  0.85288855153750931  0.86429510363670359
  0.87527886410397926  0.88561998462417835  0.89609237564374833  0.90757359489503209
  0.91940031771412767  0.93027990441568265  0.94071737804523392  0.95103835348197385
  0.96208526084554880  0.97402914774082305  0.98687324338558646  1.00000000000000000
 -0.00239100621734873  0.01176562003659586  0.02387260131020155  0.03627988200488825
  0.04782629850283491  0.05908701089482751  0.07015510500005613  0.08079968142314455
  0.09167208878991381  0.10283210143150825  0.11501241772759060  0.12771011066073013
  0.14003471408182727  0.15169691042272315  0.16283196682512896  0.17203489771776564
  0.18089517341438011  0.18955477119014744  0.19877954463693046  0.20890892896849383
  0.22001461124635302  0.23129054224974491  0.24210495853630454  0.25280715205233023
  0.26349702828904431  0.27485097319339624  0.28648055529765093  0.29845685922133314
  0.31040430748290865  0.32158421768173134  0.33237526835581432  0.34349639923142561
  0.35453860828948025  0.36511623972323004  0.37547615779175125  0.38571720122655001
  0.39653202542100130  0.40751287043262263  0.41908347933935391  0.42958726838634603
  0.43945301819749433  0.44861767864705709  0.45860440429727417  0.46915755316103058
  0.47947076397810845  0.49004033673203151  0.50049702867181123  0.51105490577152357
  0.52170381237477492  0.53294540680690539  0.54493575521865523  0.55652224885074819
  0.56744285397695093  0.57853684373688674  0.58998317853213333  0.60093706083599241
  0.61129443065715783  0.62100691966265287  0.63075736490669321  0.64041494770834084
  0.65054572993303972  0.66043936697427386  0.67019028897282396  0.68012459636079836
  0.69050506468728656  0.70105608284734688  0.71095503705375562  0.72108067361191597
  0.73145527008929345  0.74258277280665907  0.75390566612598131  0.76455650652813412
  0.77437249254112528  0.78360063000763791  0.79345225960124721  0.80378926144275309
  0.81384599817361492  0.82369503855401593  0.83285611244144175  0.84243802976912951
  0.85123279798639373  0.85975004890557383  0.86847604913159382  0.87754791343066529
  0.88736129520414697  0.89717011807834257  0.90671068751133832  0.91658886871940115
  0.92673578767024689  0.93718721730139121  0.94718353996191373  0.95755640422400246
  0.96797583139000509  0.97881848956529627  0.98951625067153026  1.00000000000000000
 -0.00002385226786181  0.00009722022639145  0.00017130930706434  0.00024848780105555
  0.00032913769982525  0.00040766855618839  0.00047395386521143  0.00053524620416997
  0.00058033927315698  0.00062690811802936  0.00067460623137975  0.00072260301333100
  0.00077095654729254  0.00081979684581531  0.00086953925962608  0.00091979403354899
  0.00097071027562215  0.00103888409155703  0.00111119953931661  0.00118357453378364
  0.00125922252674924  0.00133469655000474  0.00140162445972305  0.00147168354460964
  0.00154515805064841  0.00161942649658380  0.00169556528695204  0.00178578666396103
  0.00187514200918059  0.00196708310571880  0.00206579196458888  0.00216578810593274
  0.00226923809054995  0.00237402951950885  0.00247248088637566  0.00256182978616738
  0.00263065962307855  0.00268830093567518  0.00274612834036891  0.00280405705844333
  0.00286226661314927  0.00292061765546894  0.00299913420863699  0.00308744113518731
  0.00317786204247828  0.00326872684684274  0.00337329786926975  0.00347664203843284
  0.00358103380391629  0.00368086448304770  0.00378020268180962  0.00389808110072517
  0.00404002577444605  0.00418754209226284  0.00433164917428361  0.00447657526227864
  0.00462753233619533  0.00478759977137514  0.00495203038967053  0.00512208613595075
  0.00528746185590217  0.00544356534979497  0.00561087087406804  0.00576643076574890
  0.00592037310918889  0.00607761291981564  0.00624696563343344  0.00645131904864451
  0.00670247529686862  0.00693450485894225  0.00715658206495171  0.00736563865054197
  0.00758989778515189  0.00784657387872374  0.00810524277344457  0.00834856268151357
  0.00853791329319271  0.00869433599812595  0.00887321106677898  0.00905413417539838
  0.00935713315632659  0.00971254802233545  0.01018391149001873  0.01079705029698561
  0.01168819478256408  0.01201301394119258  0.01239334236761974  0.01285047783681083
  0.01336109409038782  0.01385815811271393  0.01435576551463540  0.01552786865499203
  0.01768296981980064  0.01864777810939324  0.06607708204401190  1.00000000000000000
 -0.00190274707301022  0.01098638016432337  0.02323273001788778  0.03608704984335586
  0.04786488137802465  0.05854827915101703  0.06921207425458707  0.07919420686201854
  0.08949863860492044  0.10026224582552348  0.11207413412358325  0.12454873644441856
  0.13659848928795001  0.14840741699603788  0.16028457313435851  0.17181303546773019
  0.18295829524098031  0.19404506316463066  0.20490561438186031  0.21569547150816165
  0.22639404692768311  0.23754967918387643  0.24878893179623196  0.26014062529697135
  0.27115198462828699  0.28135837633676664  0.29137848499220309  0.30091883175369460
  0.31074806589380577  0.32040048621872635  0.32845921902765368  0.33646615384723128
  0.34435411267167493  0.35317123584823512  0.36336124910688050  0.37333945970891591
  0.38365836922603569  0.39424750761366850  0.40473256705096627  0.41458088005066662
  0.42338852038965558  0.43201554059882252  0.44078766440574668  0.44994864574258664
  0.45916289893118128  0.46799138760027947  0.47671234371306798  0.48579334429109444
  0.49528951526268572  0.50509302127265487  0.51501597142935629  0.52473810420944400
  0.53484638965665299  0.54481301841689889  0.55472187029071973  0.56440337579056676
  0.57399222027461017  0.58322357596846086  0.59198481883295540  0.60040835297704820
  0.60834237482177811  0.61635371047992904  0.62469098572922466  0.63371705421999114
  0.64360589296120174  0.65362693124474003  0.66368727036440323  0.67403247960188506
  0.68467875802979061  0.69519204480304808  0.70570873498872599  0.71645482248823866
  0.72703420710858613  0.73746300925948116  0.74737701636001519  0.75779702762911549
  0.76844099176755454  0.77934994993281836  0.78961830460959648  0.80007119799257864
  0.81115178556638290  0.82214342356872971  0.83250553687502316  0.84252917830358554
  0.85290668502512212  0.86402266433568675  0.87594329394147785  0.88903026599214641
  0.90305697549296571  0.91789473547709666  0.93246082594780755  0.94580339731434449
  0.95883296664776974  0.97183551403485768  0.98592585515932663  1.00000000000000000
 -0.04405994015511419  0.70550369687320291  0.70875750919614033  0.71186869390247398
  0.71508340050034491  0.71818393056731622  0.72102388574448273  0.72407249640516780
  0.72714199715411143  0.73014483649793394  0.73306158867053639  0.73580962556302953
  0.73854522316922744  0.74115367788625597  0.74377512124007983  0.74632165593553457
  0.74893373833962529  0.75161963185575509  0.75436201919995405  0.75700182537300986
  0.75961017346442128  0.76221436380404861  0.76489866945816720  0.76761865978048571
  0.77019852700097491  0.77275179902745927  0.77533461456242114  0.77806839414776519
  0.78091668723199736  0.78367314035165703  0.78644482435325525  0.78922720783160372
  0.79222379769637008  0.79535455845476855  0.79839263243633951  0.80139938182294601
  0.80439705076653778  0.80741908768028581  0.81038672104089482  0.81329844187532219
  0.81621327141094369  0.81910984534137088  0.82203803939544196  0.82501426969006530
  0.82804189361331670  0.83107154961564855  0.83410470798240322  0.83721760382244959
  0.84034771589662183  0.84358403592551467  0.84696550158269979  0.85023322487091679
  0.85339827060347062  0.85645948361096313  0.85953532549389289  0.86259572516551197
  0.86565931367392945  0.86876442766778017  0.87194460951404695  0.87511008963737857
  0.87821098123102770  0.88122079097768524  0.88422136699214893  0.88719576889138030
  0.89026439622616105  0.89339057112103604  0.89654740222157681  0.89967062066432602
  0.90277625709155795  0.90590045214091974  0.90897277321936198  0.91202814119282438
  0.91505679463396017  0.91811324399301242  0.92123198230731063  0.92442650255012038
  0.92766249503679232  0.93086105733138125  0.93396138110490179  0.93693381155273647
  0.93982554717417666  0.94267072909983030  0.94553320943258123  0.94849031739879297
  0.95150115589031270  0.95458728289626527  0.95773662065107501  0.96115202451994963
  0.96495420499475826  0.96899504836757611  0.97353883770961336  0.97830660703033867
  0.98295877991655833  0.98762177859889244  0.99280534791443720  1.00000000000000000
  0.01678607592522745  0.09703047081033586  0.12748884221143508  0.14731689070766577
  0.16257682587603156  0.17447100536536975  0.18554474549212246  0.19528233677455722
  0.20427194946149449  0.21256415623582178  0.21999687775192361  0.22665568616912024
  0.23224453972609227  0.23757073989047603  0.24311487456317274  0.24852881393193965
  0.25427817003115571  0.26034376045100932  0.26660062064953405  0.27287096037933478
  0.27892539244929154  0.28463036961130223  0.28993727641414058  0.29521263681630694
  0.30051115904157821  0.30582658715086181  0.31130022648767702  0.31698483271079142
  0.32285755476322681  0.32881764892461957  0.33490163417730112  0.34108748151912904
  0.34703849095922257  0.35242921939695682  0.35788328670775260  0.36319516274572466
  0.36874720595940802  0.37453177721417558  0.38029682872796056  0.38601665628152809
  0.39188563276768712  0.39782397304421085  0.40347122747413411  0.40907131159587484
  0.41468459547915926  0.42038220378574304  0.42608055889259738  0.43172289565123384
  0.43723794464756460  0.44304709637146905  0.44899037674022801  0.45447485891966027
  0.46012781500145816  0.46573172552616293  0.47172585745292112  0.47830146774386428
  0.48501231060866362  0.49172739361284057  0.49831195909567205  0.50487612139520155
  0.51145815938754324  0.51840848950359875  0.52537955198514175  0.53237679816671002
  0.53923323323262173  0.54612004343252252  0.55325705667515568  0.56066626893266769
  0.56826401760106038  0.57586118770474504  0.58350995242377124  0.59141685242684949
  0.59976604455229976  0.60825048738848742  0.61672617917878647  0.62525332298461578
  0.63477502999525159  0.64369640371176495  0.65301135176636171  0.66229484174624842
  0.67233253007060700  0.68257190137568391  0.69341783386561928  0.70541881690666375
  0.71719819107732385  0.72896967678168456  0.73984358240973080  0.75133649247595524
  0.76355124516857242  0.77647577941793222  0.79018911734776287  0.80448175666550248
  0.82028679397427451  0.83810096069504636  0.86278032830984885  1.00000000000000000
   5.4446737342057504E-004  -1.0000000000000000     
 F F F F F F F F F F F F F F F F F F F F F F F F F F F F F F F F F F F F F F F F F F F F F F F F F F F F F F F F F F F F F F F F F F F F F F F F F F F F F F F F F F F F F F F F F F F F F F F F F F F F F F F F F F F F F F F F F F F F F F F F F F F F F F F F F F F F F F F F F F F F F F F F F F F F F F F F F F F F F F F F F F F F F F F F F F F F F F F F F F F F F F F F F F F F F F F F F F F F F F F F F F F F F F F F F F F F F F F F F F F F F F F F F F F F F F F F F F F F F F F F F F F F F F F F F F F F F F F F
  <DiscreteSampler_grid>
  grouped_processes
  1 # 1 for a reference and 2 for a running grid.
  10 # Attribute 'min_bin_probing_points' of the grid.
  1 # Attribute 'grid_mode' of the grid. 1=='default',2=='initialization'
  0.0000000000000000 # Attribute 'small_contrib_threshold' of the grid.
  0.5000000000000000 # Attribute 'damping_power' of the grid.
 # binID   n_entries weight   weight_sqr   abs_weight
    19   10   2.177990021426164E+003   2.705923530811871E+007   2.177990021426164E+003
    20   10   2.177990021426164E+003   2.705923530811876E+007   2.177990021426164E+003
    22   10   2.710362724284973E+003   4.223590700927515E+007   2.710362724284973E+003
    23   10   2.710362724284973E+003   4.223590700927523E+007   2.710362724284973E+003
    25   10   2.448409917930376E+003   3.662948887215221E+007   2.448409917930376E+003
    26   10   2.448409917930378E+003   3.662948887215227E+007   2.448409917930378E+003
    28   10   3.222246012643599E+003   6.284549708576035E+007   3.222246012643599E+003
    29   10   3.222246012643603E+003   6.284549708576053E+007   3.222246012643603E+003
  </DiscreteSampler_grid>
