  0.00000013539994982  0.00000013917163556  0.00000014376372589  0.00000014821701416
  0.00000015232714753  0.00000015638143941  0.00000016050658308  0.00000016464125720
  0.00000017004258217  0.00000017498838046  0.00000018002878184  0.00000018533414122
  0.00000019095165064  0.00000019756347122  0.00000020542196706  0.00000021344122345
  0.00000022129657448  0.00000022896147806  0.00000023648857190  0.00000024566342374
  0.00000025464698755  0.00000026384978014  0.00000027342994135  0.00000028355721544
  0.00000029468219401  0.00000030681021670  0.00000031996595924  0.00000033385874081
  0.00000034822540261  0.00000036368006367  0.00000038045652478  0.00000039793189401
  0.00000041707789252  0.00000043767315467  0.00000045936763092  0.00000048130697926
  0.00000050355870015  0.00000052702809857  0.00000055177771512  0.00000057769716057
  0.00000060375360504  0.00000063344554119  0.00000066481091570  0.00000069599515556
  0.00000072861374766  0.00000076607937273  0.00000080736104667  0.00000085087890753
  0.00000089834376455  0.00000095101419671  0.00000100592696246  0.00000105977654303
  0.00000111763362347  0.00000118929004964  0.00000126295731104  0.00000134746571622
  0.00000144183811889  0.00000154275809136  0.00000165004224005  0.00000176998768304
  0.00000189347640027  0.00000203691391652  0.00000218155243772  0.00000233699493916
  0.00000251306850867  0.00000270929681809  0.00000291823551305  0.00000316602726133
  0.00000339690600252  0.00000369322265677  0.00000398309270083  0.00000434847274619
  0.00000474881421620  0.00000521640986196  0.00000572170118416  0.00000631200164107
  0.00000698500584030  0.00000778323584499  0.00000872739719365  0.00000985389969895
  0.00001119665395252  0.00001273330972098  0.00001468600818722  0.00001707918822756
  0.00002001158388385  0.00002382103004727  0.00002881993239712  0.00003561543632261
  0.00004546627015315  0.00006133538626996  0.00008789292943839  0.00013524376575246
  0.00024079753644599  0.00057744608006992  0.04545167942890586  1.00000000000000000
  0.00000035544418465  0.00000049351552492  0.00000053038866870  0.00000057385563665
  0.00000062204638578  0.00000066933671043  0.00000070973029921  0.00000074768342340
  0.00000078745047044  0.00000083456206567  0.00000088346001168  0.00000093318804791
  0.00000098817767782  0.00000104015103002  0.00000108909365143  0.00000114692831337
  0.00000121231621034  0.00000127568907479  0.00000136422968464  0.00000146672153239
  0.00000157277926967  0.00000168765508582  0.00000181799450721  0.00000196772753044
  0.00000214076906332  0.00000233871785433  0.00000253325149022  0.00000274190596716
  0.00000295223342334  0.00000316643802135  0.00000338759340186  0.00000361660945646
  0.00000384900354108  0.00000408084886583  0.00000432713128618  0.00000460760176193
  0.00000490019012249  0.00000523596871345  0.00000557791370041  0.00000593216105990
  0.00000631052869967  0.00000673649731657  0.00000717649660424  0.00000772511191144
  0.00000830922003469  0.00000893678744020  0.00000963501781565  0.00001037004467128
  0.00001115149216270  0.00001200883203846  0.00001289404526948  0.00001386522516591
  0.00001489853274961  0.00001601536942316  0.00001731283344936  0.00001861174447679
  0.00002013030873389  0.00002166582067760  0.00002329167443341  0.00002508449890796
  0.00002692550222435  0.00002912318389217  0.00003150861270219  0.00003403685056349
  0.00003677862844612  0.00003968176027286  0.00004287794607635  0.00004652575545314
  0.00005051959011777  0.00005522249917418  0.00006031899429331  0.00006581478043247
  0.00007197516397121  0.00007916767284651  0.00008716879574898  0.00009632703048011
  0.00010665193268478  0.00011833786489299  0.00013215133470378  0.00014814134807325
  0.00016552892157401  0.00018469422442472  0.00020710811755704  0.00023461813889198
  0.00026853121347286  0.00031406563805046  0.00037239329876069  0.00044826259214263
  0.00054935749948616  0.00069107747977701  0.00087686998279327  0.00112378936127309
  0.00152922361875506  0.00239333637380723  0.15990308625812469  1.00000000000000000
 -0.00217538256386303  0.00956699542402715  0.01957850606936338  0.03009250760382058
  0.04074717929205323  0.05140405694468716  0.06221650583302296  0.07298571710474849
  0.08357219525763164  0.09388773216905888  0.10433188607868428  0.11542672512965296
  0.12670189407351970  0.13752781994184179  0.14793169997891420  0.15848609836225994
  0.16902107156677376  0.17937074832973648  0.18971262585568205  0.20030294564584988
  0.21111095058370050  0.22190891450579972  0.23285938932955050  0.24379513804737130
  0.25476005920037642  0.26545844396547447  0.27545442862742753  0.28507823009089045
  0.29479362636628986  0.30458609359963779  0.31489487122271032  0.32584214708637071
  0.33671538407508428  0.34742236890534883  0.35806103608047829  0.36858890220535334
  0.37898643023537670  0.38957586098907054  0.40021418859241603  0.41084578635530017
  0.42173071639916621  0.43187372453249451  0.44190069336458870  0.45141116578724960
  0.46139445471728024  0.47183726380326568  0.48265872651412534  0.49382427820891267
  0.50495797552894806  0.51568640017941036  0.52656298820683500  0.53737450550658072
  0.54828737207397027  0.55910399746773065  0.56957176819738742  0.57987146348611851
  0.59048838923995295  0.60127049097634178  0.61198145821876437  0.62284993130875654
  0.63383475360844976  0.64466905406389030  0.65445244735875308  0.66412469285498954
  0.67345575246905720  0.68314539541492725  0.69297059383545456  0.70286209012278023
  0.71302703676006329  0.72348793105944209  0.73466068847596722  0.74583929168506313
  0.75687600975641822  0.76805858564619456  0.78013241179901804  0.79211721294050907
  0.80402946925689089  0.81515678567644667  0.82588589063514883  0.83626921360543049
  0.84612650450939986  0.85609610903209388  0.86679681576542511  0.87756809702715088
  0.88802373344567420  0.89786122698529602  0.90781843794882211  0.91825564231501455
  0.92857654984029225  0.93894825016889161  0.94884062773219680  0.95902565182212818
  0.96936340841435098  0.98004018838599016  0.99010996459631240  1.00000000000000000
 -0.00212273450699597  0.01031609027585287  0.02139950682761553  0.03296050837940633
  0.04451085890816373  0.05611761979105853  0.06788159374155223  0.07995585287827175
  0.09157468430070502  0.10276316521332951  0.11398562000808712  0.12506562835043189
  0.13597482567156366  0.14718373105601687  0.15889034211312983  0.17043053948553724
  0.18145864370978251  0.19207209590042337  0.20241313622529317  0.21249181129682923
  0.22163586226135848  0.23048184280545481  0.23937815925324196  0.24831355390181553
  0.25705872352359799  0.26591625307159267  0.27538614767115266  0.28582575488600082
  0.29631845826341702  0.30705408686228908  0.31777826683244187  0.32846126933238673
  0.33865544279485549  0.34856044221879551  0.35868084862132066  0.36903528983216710
  0.37956882780390672  0.39002890806764523  0.40049776911395546  0.41129193091634164
  0.42254431438949269  0.43367353636734940  0.44451226571238922  0.45533562795454069
  0.46635371058026998  0.47706252448301067  0.48757479255776542  0.49814342641302023
  0.50899091777932293  0.51985079281914770  0.53076387537862268  0.54221140924412992
  0.55412114189870609  0.56556847048880976  0.57625123391737110  0.58667479854418314
  0.59694588528773707  0.60688095603217840  0.61654527910696655  0.62625162830432324
  0.63625016981759031  0.64634808690881784  0.65653069572701228  0.66709427391286058
  0.67750288531487757  0.68740803811504991  0.69667715876329850  0.70589540536148287
  0.71594576794442910  0.72694809282905659  0.73846474308509924  0.74917742610048188
  0.75927727799369760  0.76922275068095047  0.77981907371642167  0.79052076991032139
  0.80106495906476471  0.81113745145814542  0.82122847924208298  0.83182040823071990
  0.84245104150398964  0.85340354841652044  0.86428058010525399  0.87485309888028950
  0.88483346947747876  0.89483146804301095  0.90501933641506571  0.91516333079278955
  0.92494376324469718  0.93517059815632075  0.94592003787883394  0.95768830879642042
  0.96930168334077260  0.98005846428037680  0.99030240667924407  1.00000000000000000
 -0.00227679238934580  0.01030681029956689  0.02087210465942533  0.03200181265577973
  0.04330448861243612  0.05445552237888500  0.06526224418515848  0.07629148108680224
  0.08785412919000563  0.09986712693529042  0.11100429141793536  0.12192475093954849
  0.13247162819030656  0.14347754490881395  0.15423376687908374  0.16468781743197994
  0.17491413315538407  0.18539471208482694  0.19656534664228195  0.20816083978557792
  0.21926290631671008  0.23010921608867399  0.24134284016449353  0.25298818137387297
  0.26462795704390318  0.27675993487468942  0.28887305984114087  0.30041483248079098
  0.31148404495702992  0.32269313851013448  0.33388535638400774  0.34507741445429074
  0.35670236371180458  0.36899606405015845  0.38107279945723893  0.39254694643096610
  0.40353170036140812  0.41460543856929805  0.42593444506292066  0.43729002383889221
  0.44889654801920870  0.46090326361783268  0.47333939318801049  0.48536949642273514
  0.49723508907595099  0.50902030651176489  0.52092759338217387  0.53218893747950680
  0.54337986498498947  0.55451800444390753  0.56593442402317207  0.57698015673152647
  0.58841399751687518  0.59992803009564666  0.61095420157136449  0.62177117223906342
  0.63305911515407853  0.64420504579928084  0.65493085801141449  0.66543663189522095
  0.67637047992216182  0.68724062886550286  0.69788605755735911  0.70827388012026526
  0.71867629295282565  0.72878900140991520  0.73881181642845450  0.74896905047267304
  0.75942838573809801  0.77000194146629852  0.78044230815463966  0.79043106524673978
  0.79974905639132965  0.80851701699333789  0.81718605717165815  0.82621116955874208
  0.83591644264577036  0.84581146473126056  0.85541130527152764  0.86505355746857360
  0.87472142784032159  0.88446537956361726  0.89357296195102698  0.90200367506287660
  0.91027432934982022  0.91953564192318471  0.92859622941396913  0.93672156619714020
  0.94425097483512210  0.95155906670022650  0.95884509345861513  0.96621748123858564
  0.97383745483898687  0.98195252366287922  0.99087489333109646  1.00000000000000000
 -0.00132654570797718  0.00874800661997700  0.01732473537952785  0.02607479155093359
  0.03531679524283030  0.04487740236357757  0.05458975811671503  0.06354034397779086
  0.07329970501342953  0.08286162194337564  0.09341072188292666  0.10398052350686926
  0.11529083775543143  0.12638170202014345  0.13761609946144657  0.14920382719457742
  0.16108722630562544  0.17264453551129882  0.18355146876797607  0.19377256017665695
  0.20346433918497625  0.21313622343087793  0.22287431753499592  0.23259852959356797
  0.24219555136984469  0.25181940645875583  0.26184299342827733  0.27213260489764646
  0.28300700322075323  0.29338516022002337  0.30345105811650497  0.31393409849450793
  0.32510570799689864  0.33638922677889532  0.34680209917842292  0.35692986949416472
  0.36724017378657869  0.37735140300809800  0.38778697275445667  0.39813897927923736
  0.40885675278963457  0.41907879433454526  0.42926122141007206  0.43930331438227244
  0.44951068431035629  0.45964692328891821  0.47023724150764512  0.48078358047211878
  0.49162162280295352  0.50246220128343733  0.51322853338366803  0.52366499518405463
  0.53327157406721182  0.54326886059813273  0.55300616022571136  0.56289534100883831
  0.57305205586558039  0.58416915333476904  0.59583093537394138  0.60762956278645475
  0.61918504424270859  0.63069176636848079  0.64246315556729416  0.65409988361143834
  0.66513048602542046  0.67582713226110969  0.68582900304429240  0.69587480303040916
  0.70643614391288101  0.71750008338300764  0.72799254610627540  0.73777221366302792
  0.74769298807077100  0.75816170545572870  0.76852897206140380  0.77882342585602460
  0.78943187962109218  0.80075855697900189  0.81222640838583327  0.82408465461671643
  0.83548296994046090  0.84685838902025456  0.85799991471279247  0.86948863849840841
  0.88078999609348507  0.89198865356498969  0.90224304332838223  0.91249083817711496
  0.92317866601215182  0.93435773585946946  0.94532541897379907  0.95660190337305029
  0.96841532073740533  0.97992766556140798  0.98998461069526777  1.00000000000000000
  0.00299883711746065  0.02742768344023130  0.04741758457256996  0.06448942001685722
  0.08167595208544123  0.09755433826891022  0.11305702595186358  0.12822982425138582
  0.14312186135616586  0.15743299255293219  0.17140633818434856  0.18470777304707034
  0.19753313604284217  0.20993988645802894  0.22137395825524986  0.23181676652482591
  0.24191240947163792  0.25223161521130349  0.26255592417699031  0.27279351183717482
  0.28318661957865277  0.29336789421033060  0.30331874478594467  0.31304253068897192
  0.32306018076793330  0.33320269870934027  0.34349034987477134  0.35401056568473449
  0.36395365305364286  0.37353321942567164  0.38283705993830819  0.39204495634192177
  0.40128942773318049  0.41030988127420198  0.41935073165013442  0.42871080830380398
  0.43778762501032847  0.44620893015543550  0.45420960055009219  0.46266411906206817
  0.47093104274170089  0.47951117217034178  0.48768375765805161  0.49572783304873430
  0.50419765067921607  0.51348720827358141  0.52290957891900092  0.53194765192833182
  0.54076344263773346  0.54948911724788019  0.55807355734579744  0.56646559284396147
  0.57463600389364744  0.58267782866876305  0.59102783164416028  0.59979710150190957
  0.60874069889708970  0.61765833956283245  0.62636387864470244  0.63476493187704752
  0.64271387535675295  0.65015840385435841  0.65744334280765060  0.66492393232147828
  0.67275725094832772  0.68084563139558951  0.68913861826747569  0.69783200936335898
  0.70662037843989245  0.71533873230201273  0.72402739109659531  0.73292253152941156
  0.74174336271220720  0.75096168831731303  0.76020570337844551  0.76937140441553409
  0.77865926076429059  0.78774173542910919  0.79667344740664225  0.80570235284753000
  0.81517440683935694  0.82507445604475826  0.83504754740134612  0.84525937290184694
  0.85609924617871413  0.86744761103972934  0.87911295554754554  0.89058442222103507
  0.90187042030272346  0.91294986611231788  0.92425110986324610  0.93544917840331365
  0.94649648017820143  0.95894045592240451  0.97644574018278618  1.00000000000000000
 -0.00265786259952333  0.01020286609276927  0.02121894917378286  0.03190651562130230
  0.04267842512182144  0.05335293977254101  0.06410031540877280  0.07450063704770905
  0.08507799127940475  0.09583943948551031  0.10644612669064786  0.11667711193324030
  0.12681661756292770  0.13721811248508212  0.14771075541016965  0.15827877574524313
  0.16880565269993383  0.17937034513637326  0.19023554745556964  0.20135674339699572
  0.21251888770045624  0.22290246641531838  0.23310850662557939  0.24321431747513106
  0.25297577959524042  0.26235958499697037  0.27160321735851595  0.28131339367297770
  0.29130561330415389  0.30098468092992242  0.31079037603180221  0.32093861887366143
  0.33144071426031735  0.34194101649196806  0.35224361513073643  0.36359153063551308
  0.37500282344510943  0.38656001548506508  0.39782429780274253  0.40946166002268880
  0.42036712452683905  0.43089039239963312  0.44121744621873860  0.45178893695630512
  0.46260938502121279  0.47293891245820263  0.48290246020388145  0.49285471874812425
  0.50326393527821567  0.51395556673942344  0.52511362264772732  0.53577290719635995
  0.54597536474913422  0.55571086926534530  0.56628532590504832  0.57774607357393049
  0.58942359960828006  0.60075324968282584  0.61235256929291348  0.62417705872940810
  0.63536306880801474  0.64586377853125632  0.65610856030299780  0.66674769732694239
  0.67760943903076165  0.68831090073978829  0.69876811745067091  0.70951924637334274
  0.72056020504958029  0.73159821660311031  0.74227998621807101  0.75265000371846857
  0.76310313081703185  0.77381364590917701  0.78472887555924065  0.79571408887614004
  0.80585538239575494  0.81635820997746822  0.82686775987430261  0.83763644806829962
  0.84816466748099761  0.85850459686572900  0.86860951020838173  0.87831916426385315
  0.88796052481954513  0.89774474195081433  0.90780748660409183  0.91799501817176410
  0.92838191735591291  0.93930962207729429  0.95027868219419587  0.96057620371576169
  0.97035159447006258  0.98031659667902582  0.99020852173549478  1.00000000000000000
  0.38067028335079978  0.38491054501430227  0.39188901267325538  0.39839136217081639
  0.40424308870175663  0.40997023600593330  0.41564854491090220  0.42165146047694235
  0.42784424544000826  0.43363403512483145  0.43915824738535114  0.44454275174102420
  0.45036439453628191  0.45670597250851325  0.46291083270668193  0.47049027529454385
  0.47716348210518578  0.48321067857561772  0.48858827871383476  0.49392757662048087
  0.49939795288961975  0.50546545128195430  0.51128223293953512  0.51668055561296911
  0.52173556373148833  0.52680011940320215  0.53188889619084256  0.53733489460147044
  0.54304404540429563  0.54907141846651941  0.55513156266917052  0.56069673812697784
  0.56578886450579136  0.57056192684191565  0.57545034650108995  0.58068646659204937
  0.58620357178767157  0.59202352145716219  0.59806535487072743  0.60410003316381078
  0.60995444749020522  0.61566777211490309  0.62121598169510317  0.62662341909142560
  0.63205610659636280  0.63767611137125280  0.64340810389644765  0.64903633098427682
  0.65448087079623452  0.66003623909018183  0.66555760503707850  0.67165256950292007
  0.67772505459529375  0.68407672086462523  0.68994715951552510  0.69566146365679460
  0.70129895951572352  0.70702909929591495  0.71286131144295073  0.71869791924975934
  0.72464630208474690  0.73078040705101766  0.73705094853947861  0.74325299474619100
  0.74939540946943362  0.75556094991188749  0.76189602781948507  0.76829053706710293
  0.77483890601525929  0.78152933543434733  0.78827852928705133  0.79515860523971349
  0.80201837471499782  0.80888386024326109  0.81582072527356098  0.82287915845291293
  0.82994700090397655  0.83686111483415138  0.84368103996246302  0.85066679646537313
  0.85784390231114371  0.86520499808815510  0.87253339311408906  0.87973976546472810
  0.88684448548160544  0.89419578052761983  0.90214019007368695  0.91042030522883588
  0.91895075254728509  0.92793839267073353  0.93718066808443667  0.94732892149022718
  0.95820060901983806  0.97010969283304971  0.98404503404620514  1.00000000000000000
  0.07646935781771674  0.09878953409741840  0.11268504608282048  0.12421218023547256
  0.13575664766535894  0.14777033224556371  0.15769993554074699  0.16720515700059801
  0.17497691078727404  0.18234732899334102  0.18966870596613047  0.19677231558488764
  0.20325735913980339  0.20934464940732364  0.21534080167944086  0.22138382339912663
  0.22742702241740390  0.23323286166561702  0.23948576761896584  0.24545968339209079
  0.25133693677101915  0.25714578177124892  0.26293339903805163  0.26878483961549504
  0.27481122201345420  0.28105128395776691  0.28736030374210275  0.29374089715938084
  0.29984785025913802  0.30596743222610490  0.31208901918639226  0.31777498736331966
  0.32320391039725249  0.32881814555677968  0.33440240146827888  0.34000484316431290
  0.34559462325497098  0.35112974687430931  0.35671138458650292  0.36225655993676048
  0.36789817517662698  0.37345103484240366  0.37898245398991359  0.38465524277553853
  0.39029943650244259  0.39582312349337317  0.40146715717697212  0.40733980423898197
  0.41354467508933346  0.41967113378097681  0.42552791960833919  0.43130262851451978
  0.43721100961601883  0.44334668184212495  0.44960588850547267  0.45575862523775551
  0.46226961291332497  0.46880040860768857  0.47548397688180688  0.48257915132832857
  0.48982081780158154  0.49705192782235658  0.50416765830396026  0.51125805733143403
  0.51846937176636465  0.52578057728346472  0.53330108470277338  0.54108385293038119
  0.54907094398483391  0.55727530956342053  0.56578225336919785  0.57463692498496810
  0.58372106163427251  0.59283394381708421  0.60213455243472480  0.61154807800525235
  0.62067465987275472  0.62975967084366757  0.63885838351674573  0.64837395237519302
  0.65834539991415320  0.66901057024195076  0.68025374772348290  0.69182438186062278
  0.70364607123970768  0.71591031919121595  0.72892126653764566  0.74412577626438337
  0.75956996555001954  0.77528339288727943  0.79229635097785300  0.81091249948275601
  0.83615213495129759  0.86504198511042241  0.97155476289923559  1.00000000000000000
   4.1605324629720368E-006  -1.0000000000000000     
 F F F F F F F F F F F F F F F F F F F F F F F F F F F F F F F F F F F F F F F F F F F F F F F F F F F F F F F F F F F F F F F F F F F F F F F F F F F F F F F F F F F F F F F F F F F F F F F F F F F F F F F F F F F F F F F F F F F F F F F F F F F F F F F F F F F F F F F F F F F F F F F F F F F F F F F F F F F F F F F F F F F F F F F F F F F F F F F F F F F F F F F F F F F F F F F F F F F F F F F F F F F F F F F F F F F F F F F F F F F F F F F F F F F F F F F F F F F F F F F F F F F F F F F F F F F F F F F F
  <DiscreteSampler_grid>
  grouped_processes
  1 # 1 for a reference and 2 for a running grid.
  10 # Attribute 'min_bin_probing_points' of the grid.
  1 # Attribute 'grid_mode' of the grid. 1=='default',2=='initialization'
  0.0000000000000000 # Attribute 'small_contrib_threshold' of the grid.
  0.5000000000000000 # Attribute 'damping_power' of the grid.
 # binID   n_entries weight   weight_sqr   abs_weight
    19   10   8.906388944583719E+000   7.472624165856387E+002   8.906388944583719E+000
    20   10   8.906388944583743E+000   7.472624165856423E+002   8.906388944583743E+000
    22   10   2.217977006762730E+000   4.633290660483308E+001   2.217977006762730E+000
    23   10   2.217977006762736E+000   4.633290660483335E+001   2.217977006762736E+000
    25   10   8.942372589274834E+000   7.562869122058293E+002   8.942372589274834E+000
    26   10   8.942372589274857E+000   7.562869122058329E+002   8.942372589274857E+000
    28   10   2.236807862474791E+000   4.745884362095278E+001   2.236807862474791E+000
    29   10   2.236807862474798E+000   4.745884362095303E+001   2.236807862474798E+000
  </DiscreteSampler_grid>
