 -0.00203315250151932  0.01044957079177871  0.02175631131489716  0.03247385846674258
  0.04302426410940789  0.05362274513008849  0.06429995059463683  0.07423364616726059
  0.08368699143847939  0.09300371287885376  0.10247011654618393  0.11144499347705622
  0.12065509930166189  0.13065694839814662  0.14177985858520922  0.15350829757932052
  0.16602563704299647  0.17877264169237980  0.19044376633278892  0.20134045832514780
  0.21218418247398196  0.22317273769194657  0.23384912018882281  0.24389367280158078
  0.25383210837731823  0.26414665833052325  0.27493159389636940  0.28589201326603575
  0.29677747221753364  0.30746030717439315  0.31802163270174660  0.32859664251704113
  0.33947280207639663  0.35064318129212335  0.36210393230300819  0.37312570114645238
  0.38264437058870931  0.39159809819360170  0.40071053798574047  0.40994727371487055
  0.41917795739307834  0.42829756206668690  0.43723334831316396  0.44730364843309894
  0.45740570044512630  0.46744571764935960  0.47742178727280488  0.48741213683469203
  0.49769801679217257  0.50826285127690507  0.51891159284095301  0.52963608074612301
  0.54039735196805028  0.55111746390296712  0.56190196337691201  0.57280420920709152
  0.58381159385055181  0.59504283673488534  0.60627342928679928  0.61758796598820354
  0.62839866822575308  0.63882185638645994  0.64959788591451662  0.66056244287209243
  0.67107891893892335  0.68123648356818312  0.69118116697811882  0.70105291153126470
  0.71064220172561754  0.72050257287322905  0.73062910508755319  0.74109092539333188
  0.75160394549778531  0.76247995530324375  0.77346473147756978  0.78449198782901497
  0.79582537939368347  0.80721776656656796  0.81843709512274276  0.82972669745993499
  0.84159264463366568  0.85374594202088994  0.86531525470474335  0.87647304268109627
  0.88773243308500538  0.89909899296173468  0.91031987855974772  0.92161916331610472
  0.93298885118768526  0.94437268443825451  0.95536114765095914  0.96584085077201975
  0.97563581058183180  0.98449600266725446  0.99259464743602288  1.00000000000000000
  0.00000833440724280  0.00002908933359045  0.00003829059710542  0.00004874257488349
  0.00006565576033827  0.00008011320893190  0.00009249886400689  0.00010392394072560
  0.00011493697742315  0.00012546915795287  0.00013594127596951  0.00014631015957142
  0.00015655032951549  0.00016698826373039  0.00017758553133385  0.00018840648839639
  0.00019980444256073  0.00021133934107797  0.00022276504658724  0.00023475128069878
  0.00024746755879725  0.00026050612206567  0.00027354724957461  0.00028700449686639
  0.00030042979872776  0.00031393872658944  0.00032737470988330  0.00034264237173578
  0.00035822726445754  0.00037365458545991  0.00038920437628998  0.00040552943139382
  0.00042311051491553  0.00044153556831894  0.00045934036137858  0.00047581929687151
  0.00049486796207768  0.00051582505902367  0.00053795206107888  0.00056123944249643
  0.00058583177777713  0.00061160803882112  0.00063721019195515  0.00066082588852537
  0.00068241743536858  0.00070444075899567  0.00072743621098697  0.00075590411099461
  0.00078674564994927  0.00081960061937703  0.00085376513673895  0.00088887004656544
  0.00092410057333327  0.00095888855994886  0.00099498001400552  0.00103321177191892
  0.00107717549974034  0.00112586148633163  0.00116591471061450  0.00121055107398587
  0.00125614651361288  0.00130005326875093  0.00134835475297224  0.00139591748192836
  0.00144261170142133  0.00149790291290778  0.00155287858533833  0.00160446913710531
  0.00166267248424218  0.00172626532144243  0.00179102829619854  0.00186379035758517
  0.00194177387159972  0.00201787100869931  0.00208135037984013  0.00214314398806805
  0.00220690027096038  0.00228980340516558  0.00241093978453522  0.00252299382866533
  0.00263631549799429  0.00280777704936297  0.00309300241964108  0.00343117981946512
  0.00379506391898740  0.00418002602056452  0.00465633710852895  0.00534920035982467
  0.00620389767562932  0.00728144925480173  0.00780082989683500  0.00832021053886827
  0.01020400882522523  0.01218501932790194  0.01519204339423096  1.00000000000000000
  0.00000258228517864  0.00000290831157250  0.00000316888910147  0.00000341829679399
  0.00000369840990235  0.00000397221557162  0.00000425510553390  0.00000456057999606
  0.00000489536677588  0.00000523354650871  0.00000556966511406  0.00000590204185053
  0.00000623737607211  0.00000658461040837  0.00000695370355669  0.00000734998182113
  0.00000772727178336  0.00000814073584793  0.00000856939478351  0.00000901995606804
  0.00000950373004019  0.00001001007730585  0.00001051984519243  0.00001103038871713
  0.00001155119504344  0.00001208815450603  0.00001265884939748  0.00001329723627145
  0.00001392415675058  0.00001462173047692  0.00001536041322497  0.00001610073316384
  0.00001685670779118  0.00001763985024930  0.00001843237572699  0.00001927116910849
  0.00002013648187495  0.00002104782567645  0.00002197036202242  0.00002294964258832
  0.00002399689647415  0.00002508781824618  0.00002623179432337  0.00002739958796052
  0.00002857369214744  0.00002975163977838  0.00003095719074374  0.00003227187853473
  0.00003365644117636  0.00003510717905204  0.00003668648191667  0.00003836589665312
  0.00004014281351115  0.00004212438357916  0.00004441027183923  0.00004691997159118
  0.00004959770897208  0.00005260481769589  0.00005581192068179  0.00005931600913784
  0.00006301277624717  0.00006676779655285  0.00007130750181523  0.00007607371788169
  0.00008192121472721  0.00008824038840542  0.00009552057489804  0.00010295689234872
  0.00011104650749333  0.00011911022923199  0.00012761944257976  0.00013676816672604
  0.00014730928036237  0.00016190169794156  0.00017958090990077  0.00020089935822354
  0.00022453277664058  0.00024753488034761  0.00027366266080213  0.00030169816113649
  0.00033617241876429  0.00037133070151599  0.00041535548182661  0.00047422782703783
  0.00055043808221611  0.00065225670781140  0.00077744064096553  0.00093022178915328
  0.00113842520051495  0.00143240947031815  0.00185292425157681  0.00236146266896224
  0.00297448379006996  0.00442130071755237  0.05646930208206435  1.00000000000000000
 -0.00260271388522483  0.01055191238957096  0.02146381391127950  0.03317516885853402
  0.04492077000908300  0.05717027285739635  0.06945156210866159  0.08140677239722487
  0.09249703786229511  0.10378838096255608  0.11534512995158995  0.12709674851772143
  0.13898273737653152  0.15071312322803962  0.16277502695639476  0.17489994281934487
  0.18685120614895581  0.19768587536034321  0.20720074525129170  0.21690579209400687
  0.22620646954734194  0.23630827835085461  0.24633089390058305  0.25726768888244833
  0.26878281777288443  0.28054269443144031  0.29190555162913590  0.30287019375227398
  0.31378090516280799  0.32378847340856209  0.33358666995015773  0.34333235152162100
  0.35336543891454575  0.36354804948525871  0.37329221831053117  0.38235702895214790
  0.39129058867259087  0.40077880947367389  0.41078006310659149  0.42100817251948230
  0.43134984271749294  0.44110557121287519  0.45053654857378733  0.46024184454108474
  0.47019049730641577  0.48056122078445079  0.49073594530034337  0.50052690304144976
  0.51039279605642129  0.52050219302620371  0.53119356362936698  0.54260530814399599
  0.55414175776731889  0.56534868375844183  0.57620368331150618  0.58670282506771132
  0.59671262838340400  0.60693188003803700  0.61710224616065734  0.62730779268741133
  0.63760774543730270  0.64843036885423955  0.65995887226209471  0.67132631090447747
  0.68218975307355234  0.69233654460551020  0.70214342258906914  0.71254938928311806
  0.72363918544660710  0.73482759460122027  0.74565690542327767  0.75626453030812035
  0.76727663394698364  0.77829463911904406  0.78963037070885211  0.80058094937296409
  0.81107047462799375  0.82029467942870848  0.82890966935466548  0.83784878343589020
  0.84673592944732490  0.85570918186171518  0.86442848334971489  0.87360185681989599
  0.88395066245078546  0.89414819578740556  0.90408750783217062  0.91456897471503795
  0.92562709971411117  0.93549883442008031  0.94538332761473309  0.95509966498195564
  0.96653046783528296  0.97713484529017913  0.98849794467880003  1.00000000000000000
 -0.00198090572080277  0.00867486167804010  0.01754072429525196  0.02685319793203226
  0.03604915896634835  0.04577950462937994  0.05607942069661719  0.06643352388327722
  0.07651486762353639  0.08672362462412125  0.09741312128893727  0.10827168582865730
  0.11895800839174854  0.12988954019832114  0.14127350808300082  0.15225674896266564
  0.16288330426944372  0.17327637850688299  0.18409853080925548  0.19464637905100257
  0.20527645989607629  0.21608576570915078  0.22681616074529579  0.23838021901147219
  0.24994935420595948  0.26228155663670810  0.27384360198054963  0.28540502708233356
  0.29684500873897529  0.30799693617547197  0.31868139445655552  0.32935660445836695
  0.34125970607693135  0.35385485044457782  0.36600323234876309  0.37667733349211124
  0.38660785363326422  0.39639320340458156  0.40638170661886336  0.41622272908202412
  0.42589503565853387  0.43543513682858959  0.44490859623268925  0.45462297594517120
  0.46323238256880556  0.47265534116930574  0.48263205567969286  0.49290633031240449
  0.50278815673087784  0.51200259730718656  0.52145021262474855  0.53158097220419398
  0.54193168975135797  0.55205190211380906  0.56214438408990075  0.57293409899847503
  0.58395566842880020  0.59527317281820324  0.60646644302502772  0.61809220051891978
  0.62948225332049546  0.64099834675442324  0.65201264197205921  0.66335279544370263
  0.67437662230316575  0.68570106483589111  0.69672798991978191  0.70801885895393701
  0.71955220980844870  0.73076386198892929  0.74125602547886427  0.75169637652574284
  0.76200620951282816  0.77267696626263838  0.78340050752313095  0.79414967845036522
  0.80495199108953597  0.81554267267543856  0.82639497389769923  0.83722198040346474
  0.84790641134380618  0.85893937175439949  0.86984375882866827  0.88050790025230741
  0.89089048796702242  0.90161706303246392  0.91291608746260522  0.92404147982943774
  0.93448132667611095  0.94433860223988886  0.95382856243561798  0.96351457534969787
  0.97252356171706567  0.98177422236578793  0.99067360396086646  1.00000000000000000
 -0.00221110696834847  0.01335611106401175  0.02606636535661953  0.03813118076285787
  0.04969939947964402  0.06120389563556352  0.07236881370918632  0.08344164050123312
  0.09461495947953689  0.10582677761684481  0.11740239664356912  0.12912650686874594
  0.14105693262646668  0.15285364601792087  0.16450652343092453  0.17565409867771714
  0.18687031027204382  0.19857083795455666  0.21058357613548798  0.22272631336389634
  0.23470476682372765  0.24646574900314411  0.25854072107825588  0.27109244936317989
  0.28364935636256505  0.29616658030273735  0.30885147512554811  0.32173923398310922
  0.33461519599834644  0.34725799707198829  0.35951852112329352  0.37142987320364046
  0.38333009951893371  0.39570866021708312  0.40864246409310978  0.42182138313320305
  0.43515658310556049  0.44852742225203934  0.46170578785288702  0.47412469824474834
  0.48679952573587110  0.49926707992281272  0.51214977902023706  0.52416981643225169
  0.53544461904083263  0.54722733676497781  0.55966014707098932  0.57203255096116079
  0.58368745308376135  0.59548591341305712  0.60762931069165949  0.62014425999206180
  0.63279834523300837  0.64520886373384245  0.65759830154443544  0.66914294679353714
  0.68022133503896154  0.69095780478892199  0.70155294229858400  0.71246300628528336
  0.72335872327601458  0.73422022403315912  0.74430398860783520  0.75453301467382305
  0.76458285925868885  0.77473992949412429  0.78469341678731985  0.79416795349434421
  0.80369449478849564  0.81340139294734803  0.82334010638673150  0.83322541726576493
  0.84260423331936385  0.85172543809580936  0.86067786336659802  0.86969138228575904
  0.87868616470495087  0.88721716502003889  0.89560422930855343  0.90394081839167784
  0.91221276582543009  0.92031118387120669  0.92757712772429479  0.93394632449595749
  0.93970894692918483  0.94580748767432499  0.95227504001847629  0.95854617549302523
  0.96400657116827859  0.96929433529755793  0.97476798372771967  0.98042006107161139
  0.98552816720657688  0.99039559860056459  0.99514906496509958  1.00000000000000000
 -0.00228231501365349  0.00860851928298180  0.01853170773323432  0.02938763876763932
  0.04035842833761255  0.05098988715160572  0.06100552093370245  0.07206624717385963
  0.08198863348995189  0.09182740502574942  0.10159038558884523  0.11220859698669032
  0.12324507983740603  0.13422528208539439  0.14525578918846144  0.15663693431918199
  0.16789503885270787  0.17947663194412489  0.19125934070786291  0.20298763662906230
  0.21429066942237407  0.22508429791493023  0.23433045610566225  0.24314986444650616
  0.25265775611682667  0.26215001987857339  0.27122497853171423  0.27978654639734829
  0.28822406620240143  0.29825724859598440  0.30998017579255760  0.32090442890427645
  0.33162408541886129  0.34227506717852191  0.35303210286361414  0.36387220890581512
  0.37462472944800485  0.38564323720725069  0.39653591232234769  0.40747342203154630
  0.41847044966629932  0.42966493412518136  0.44131613910333189  0.45352306374027473
  0.46599688080744928  0.47798299757524160  0.48886139972386083  0.49875686502583194
  0.50831570617781030  0.51807072214811090  0.52865839551109017  0.53938253607839126
  0.54995257726357305  0.56044567338177287  0.57096213087831615  0.58193638529244118
  0.59278643616196136  0.60374146282527807  0.61471594963798881  0.62596018579176005
  0.63725984419434423  0.64796110388529793  0.65762504657153664  0.66744181161358596
  0.67724775218660338  0.68682590529543197  0.69662174725278592  0.70605541725627718
  0.71666665921661277  0.72720803086450092  0.73759057362452363  0.74775054169793520
  0.75831137777053237  0.76881680302100153  0.77956718331103847  0.79066098580255317
  0.80228882480764963  0.81506536252440920  0.82657420551350647  0.83781206010904974
  0.84856739626196809  0.85966676822386301  0.87030264659503997  0.88076756387667499
  0.89095932927119070  0.90067775772197112  0.91035707235941676  0.91935992929996657
  0.92926426855343969  0.93902323506478713  0.94909369161556978  0.95897749729463133
  0.96912832589274334  0.98009612961123571  0.99018407655451768  1.00000000000000000
 -0.00149444951283045  0.00884257150613928  0.01738194542631088  0.02648776754261149
  0.03618114761183082  0.04586497684458959  0.05509302923522130  0.06420675931093615
  0.07379182437892057  0.08375957778050783  0.09424043750215155  0.10529288348181381
  0.11683478353848803  0.12856784625040982  0.14033342789597583  0.15203221019232291
  0.16359539844150961  0.17517938288815552  0.18665234366384945  0.19770151128993976
  0.20837974798561662  0.21895881068887174  0.22934782948017832  0.23950034180502730
  0.24956935205630015  0.25986005712489968  0.27031582800089315  0.28080304247599386
  0.29149007964381740  0.30250591052321729  0.31372472506603921  0.32509762021240868
  0.33681766451428852  0.34830272942902418  0.35922067087510690  0.36967303201308854
  0.37993771253054276  0.39014618311746796  0.40052413996954489  0.41131048503197326
  0.42206257859648560  0.43323030850543170  0.44435149733312740  0.45492595695293059
  0.46514274895503033  0.47525184733236370  0.48555259685481261  0.49592777750145667
  0.50563109166733811  0.51545271459866804  0.52600076310257438  0.53750640258939086
  0.54891713817803911  0.55991776204566668  0.57099328142747285  0.58208578749806461
  0.59245916760774542  0.60222654400630504  0.61179567346477781  0.62144774285647575
  0.63155674783884441  0.64213131767864307  0.65327333395725240  0.66451060488359304
  0.67529913489826976  0.68622802976188613  0.69746594306825715  0.70897925350026914
  0.72006375462681083  0.73078935860334193  0.74175734931982784  0.75231632193328879
  0.76212580452928902  0.77142931443019269  0.78065749999448586  0.79005258447749060
  0.80019267621090417  0.81004994750009840  0.82053639344085372  0.83065482815174008
  0.84028014571334420  0.85056173339646179  0.86063221897233588  0.87146141567813762
  0.88161961576313219  0.89232638673128550  0.90317066316231398  0.91402459288514415
  0.92466883237144859  0.93500295765094688  0.94535299936429806  0.95618707084155874
  0.96709251136807051  0.97832380927850149  0.98909424241942634  1.00000000000000000
  0.02702457700816070  0.71166633254618317  0.71686297271410682  0.72228247835991477
  0.72732178438290762  0.73161737563948137  0.73569409207002323  0.73987282026409273
  0.74410018677102607  0.74855117775160818  0.75266589662670547  0.75664784864788071
  0.76075211276413923  0.76475651125000388  0.76863339965772703  0.77238971606063500
  0.77619229198313755  0.78019802528531612  0.78429477507506240  0.78821389613767978
  0.79192033285879837  0.79557857971641144  0.79928024124593677  0.80298620166918533
  0.80657200385389605  0.81000190790869975  0.81332584293005539  0.81666685784407222
  0.82004936922373706  0.82347210707025509  0.82683893948244325  0.83014086651140573
  0.83334512079310452  0.83645527440737977  0.83953649206488901  0.84260985030674385
  0.84564455051789522  0.84856806164427157  0.85150221956994143  0.85443660858822335
  0.85738167195104265  0.86037758869566328  0.86333093900338376  0.86618147074314800
  0.86896601551823782  0.87170191643875061  0.87438117475867483  0.87715691576759813
  0.87993448452419609  0.88270113859298238  0.88539480322966180  0.88798658450599377
  0.89048402633630408  0.89291698238014228  0.89541879268815716  0.89790086879980902
  0.90046577656711335  0.90312080316614418  0.90579438773677579  0.90844276415041902
  0.91109467087540241  0.91357467354076516  0.91602657180730795  0.91837304211899584
  0.92065177128261577  0.92294658896122561  0.92528773212251059  0.92767333526624407
  0.93008861348430416  0.93251194622613365  0.93496264107990623  0.93741521509339620
  0.93969153397696858  0.94190740406769413  0.94414472365295488  0.94639967876703757
  0.94866474958491387  0.95096205090466246  0.95327299935886611  0.95559232717345399
  0.95783963924921534  0.96011329263885736  0.96243382911608277  0.96479211741114879
  0.96720850754172771  0.96976191497921982  0.97229735015120844  0.97487565668736642
  0.97746344819206488  0.98005316162555212  0.98267792437121426  0.98542097682244068
  0.98838648304145449  0.99172979740445377  0.99570092460455839  1.00000000000000000
  0.01195099679324507  0.08034423365069115  0.11007458170226635  0.12681545364844751
  0.13945071673438425  0.14985241684012304  0.15874465815170627  0.16709559326793294
  0.17498325789727320  0.18246362301897268  0.18958048745192002  0.19641914152904946
  0.20356859903267030  0.21065064864248531  0.21735903557319647  0.22352580879266026
  0.22947171019017459  0.23547984548541293  0.24163307794162286  0.24793850175925694
  0.25418400387242140  0.26019256428056109  0.26613485086952327  0.27212204502917103
  0.27786190047210962  0.28358179401782235  0.28905123926473553  0.29458848217078420
  0.30019127952531688  0.30580274879471597  0.31139221232611891  0.31706969329044421
  0.32280207229292263  0.32844177131776309  0.33383177562191735  0.33899640552747912
  0.34428701169295317  0.34976766038390245  0.35526247542102707  0.36084147900180924
  0.36648511744164636  0.37155473591203203  0.37701134113868146  0.38264711559938064
  0.38849821277626478  0.39455447849707126  0.40069373524481666  0.40684907194097641
  0.41303232597407324  0.41922512770664966  0.42532245757861203  0.43173737434003984
  0.43810927617856710  0.44444691365796174  0.45090408555378630  0.45735654079687060
  0.46345156471168020  0.46955905492025962  0.47566612214178383  0.48210011260833835
  0.48876408497183726  0.49545794441405705  0.50200932496587214  0.50817994953274348
  0.51461444279549118  0.52105020028331761  0.52803232075742224  0.53513067472532860
  0.54233347246289187  0.54943577357135465  0.55647675360779036  0.56386183876623452
  0.57199430004649943  0.58071938780211463  0.58991388611429496  0.59929922403864833
  0.60874715381508693  0.61823813559129537  0.62796361748215879  0.63827812268652440
  0.64917731389503086  0.66013037775976791  0.67102788414440440  0.68249839153580383
  0.69382164603692131  0.70462383354879532  0.71616261546875459  0.72880778475117425
  0.74229987702303835  0.75695850561544453  0.77270486183076770  0.78809750395831413
  0.80448219758248862  0.82497635127343460  0.85636111313324115  1.00000000000000000
   1.7846168462256853E-004  -1.0000000000000000     
 F F F F F F F F F F F F F F F F F F F F F F F F F F F F F F F F F F F F F F F F F F F F F F F F F F F F F F F F F F F F F F F F F F F F F F F F F F F F F F F F F F F F F F F F F F F F F F F F F F F F F F F F F F F F F F F F F F F F F F F F F F F F F F F F F F F F F F F F F F F F F F F F F F F F F F F F F F F F F F F F F F F F F F F F F F F F F F F F F F F F F F F F F F F F F F F F F F F F F F F F F F F F F F F F F F F F F F F F F F F F F F F F F F F F F F F F F F F F F F F F F F F F F F F F F F F F F F F F
  <DiscreteSampler_grid>
  grouped_processes
  1 # 1 for a reference and 2 for a running grid.
  10 # Attribute 'min_bin_probing_points' of the grid.
  1 # Attribute 'grid_mode' of the grid. 1=='default',2=='initialization'
  0.0000000000000000 # Attribute 'small_contrib_threshold' of the grid.
  0.5000000000000000 # Attribute 'damping_power' of the grid.
 # binID   n_entries weight   weight_sqr   abs_weight
    19   10   8.940919839815695E+002   5.031548475450522E+006   8.940919839815695E+002
    20   10   8.940919839815699E+002   5.031548475450520E+006   8.940919839815699E+002
    22   10   1.104307486298408E+003   7.464014945058021E+006   1.104307486298408E+003
    23   10   1.104307486298408E+003   7.464014945058013E+006   1.104307486298408E+003
    25   10   1.075540205746391E+003   8.071207195702721E+006   1.075540205746391E+003
    26   10   1.075540205746392E+003   8.071207195702722E+006   1.075540205746392E+003
    28   10   1.429901597861384E+003   1.451285072392077E+007   1.429901597861384E+003
    29   10   1.429901597861386E+003   1.451285072392079E+007   1.429901597861386E+003
  </DiscreteSampler_grid>
