  0.00000254482429198  0.00000259508352176  0.00000269166365105  0.00000276929287655
  0.00000286933946993  0.00000295848156583  0.00000304356308643  0.00000313573930574
  0.00000322677664741  0.00000332119720314  0.00000342373725367  0.00000353561353960
  0.00000366528242807  0.00000381604793209  0.00000396887857135  0.00000411840573067
  0.00000426621527424  0.00000441705095538  0.00000458853691634  0.00000476478480318
  0.00000495734228235  0.00000516961982216  0.00000538080010900  0.00000559504234173
  0.00000580132394154  0.00000601691295140  0.00000623657266896  0.00000645898603676
  0.00000668522347640  0.00000693186190034  0.00000720394678151  0.00000747350688267
  0.00000774482042601  0.00000802398882678  0.00000831836520252  0.00000862658818055
  0.00000893815996895  0.00000930011346439  0.00000969492928834  0.00001008820232174
  0.00001047651356506  0.00001087856585904  0.00001134235475043  0.00001180902693325
  0.00001230238239229  0.00001282100921215  0.00001336076908001  0.00001392407019287
  0.00001451472070277  0.00001520052135707  0.00001589246649988  0.00001660435452057
  0.00001735169695929  0.00001813103113929  0.00001893557302624  0.00001980449208577
  0.00002083195035372  0.00002191500040801  0.00002315263306535  0.00002458396240634
  0.00002604381404760  0.00002773680047529  0.00002962899249994  0.00003171464463609
  0.00003412737235285  0.00003665005276775  0.00003946987387589  0.00004258812468103
  0.00004644633042758  0.00005105512336394  0.00005617735309342  0.00006209161628638
  0.00006906897547415  0.00007755864528491  0.00008830901441463  0.00010102903145557
  0.00011620267068634  0.00013294326519183  0.00015263425249866  0.00017640551839985
  0.00020602959933739  0.00023887883035036  0.00027516702851510  0.00032012590031653
  0.00037331658120470  0.00044223128774591  0.00053740822282195  0.00066196508531744
  0.00081240383898050  0.00102515673124681  0.00137833566795848  0.00185943516277008
  0.00247024323000008  0.00350276845639584  0.04236952645224051  1.00000000000000000
 -0.00635269014069929  0.03153044969981993  0.05125305220624957  0.06624870482513578
  0.07931122519814821  0.09122843370375465  0.10220889946230508  0.11284702517407133
  0.12313597334386422  0.13307294939788111  0.14292539807962754  0.15310554781811417
  0.16343931653384952  0.17338174852615773  0.18333474045975326  0.19378898954514198
  0.20463076423178705  0.21501776964789060  0.22508700362576020  0.23523313454584746
  0.24509912073991386  0.25472471116982215  0.26388142315006563  0.27386027602076202
  0.28475744535604924  0.29580691273318604  0.30654995629113485  0.31693466746406140
  0.32782452695772640  0.33883945042249364  0.34987123846133894  0.36081600956817639
  0.37168357591859846  0.38247279266285578  0.39313511479922464  0.40387210987590094
  0.41452207272250607  0.42466723478727769  0.43466115392000360  0.44479812099366212
  0.45537753396783276  0.46643770093634473  0.47720450274846843  0.48776702301072178
  0.49837652807217042  0.50872902756018934  0.51888066083267359  0.52893048032572121
  0.53893333053911652  0.54911961943814225  0.55954076818210108  0.57013613525855067
  0.58083581373549886  0.59145062915686453  0.60183965861199795  0.61196506367403569
  0.62156198155427411  0.63164793580882617  0.64205984752295298  0.65238457806167627
  0.66198068925765285  0.67142232478034136  0.68045979139213308  0.68940766463174308
  0.69825093252862169  0.70737284389792943  0.71661198283279481  0.72601190597837550
  0.73538655623429861  0.74521242512900554  0.75545662404646563  0.76572325695591570
  0.77584546192561321  0.78588382389021061  0.79596253398653105  0.80614176363779744
  0.81631830808555761  0.82665638394603036  0.83763848524775086  0.84896289773432609
  0.85947683286642784  0.86947055390229033  0.87943595611623215  0.88976186736884422
  0.89997027312824862  0.90947627460263625  0.91910218235053520  0.92894353360919735
  0.93866150199379272  0.94824531521695044  0.95771141904000578  0.96698732794038267
  0.97636761385660487  0.98494055526655511  0.99275008587502145  1.00000000000000000
  0.00000254727671832  0.00000392351191319  0.00000430144834871  0.00000464460645576
  0.00000498465067995  0.00000533855365908  0.00000572431375027  0.00000620889112399
  0.00000675717695193  0.00000727840364613  0.00000779303709288  0.00000843870579608
  0.00000915991189428  0.00000991549975788  0.00001071724953525  0.00001161849738010
  0.00001261489023073  0.00001370261149239  0.00001495394767187  0.00001640229393647
  0.00001807530671092  0.00001982953778621  0.00002171246694567  0.00002376527390683
  0.00002600067345985  0.00002837851947753  0.00003097277062025  0.00003377565716035
  0.00003706896758955  0.00004064560207391  0.00004451991094135  0.00004844687070501
  0.00005285747573999  0.00005722754521607  0.00006183554119925  0.00006657064131174
  0.00007165481985743  0.00007678979208190  0.00008230911853087  0.00008818401627243
  0.00009463062663542  0.00010139351026465  0.00010838551073960  0.00011564554858783
  0.00012292200164701  0.00013024750779845  0.00013751130803680  0.00014504087077622
  0.00015282687732916  0.00016072796153211  0.00016945807817335  0.00017861670355209
  0.00018850659935883  0.00019953929415428  0.00021070398265629  0.00022238805533330
  0.00023510773906377  0.00024848231534845  0.00026208358545936  0.00027559118119554
  0.00028916463649867  0.00030410450361064  0.00032084552383974  0.00033860069376216
  0.00035653043702096  0.00037483517293259  0.00039319989098192  0.00041178109730650
  0.00043095485056567  0.00044978945059009  0.00047132297394963  0.00049492006731163
  0.00051989389178936  0.00054659645726599  0.00057565388555638  0.00060652367707308
  0.00064475416357261  0.00069231556561721  0.00074829831735362  0.00080689433022045
  0.00086493008631039  0.00092142490945632  0.00098091010119578  0.00104996953086226
  0.00113180363861630  0.00122057710457226  0.00130978653408081  0.00140375490585516
  0.00151955889565925  0.00166341494606082  0.00182729203804840  0.00203265487150158
  0.00230476447208690  0.00271911625258636  0.06778657866967390  1.00000000000000000
 -0.00188400275295236  0.00822128416988698  0.01686460556993571  0.02502388641659374
  0.03347383454513786  0.04238201111520944  0.05180970883605199  0.06152611113533335
  0.07124410156105042  0.08117100208408246  0.09122994389403016  0.10118620008689455
  0.11059611263319787  0.11905740868679954  0.12766948696347086  0.13618889369166437
  0.14529527446161905  0.15391805082962065  0.16273436833825489  0.17199844395814656
  0.18155877526223319  0.19160939452411965  0.20256748266652908  0.21309754509786891
  0.22382392012511709  0.23536277306979569  0.24756334405484787  0.25926989891613106
  0.27088946198069885  0.28248205364609841  0.29364876314217853  0.30451767999890755
  0.31586207764447399  0.32779264683426101  0.33966131628761320  0.35125884989568557
  0.36349116842311313  0.37553422968337241  0.38662338521217759  0.39699037190423997
  0.40710752727288263  0.41721549811080588  0.42737846961474601  0.43821533053468636
  0.45036801208767857  0.46275883155279618  0.47535263748390377  0.48710718678205367
  0.49838794652965296  0.50938652448071020  0.52057600073201971  0.53102365428008214
  0.54141501701735129  0.55246274960554265  0.56378864420499619  0.57531526371368524
  0.58718684615358752  0.59958219344874308  0.61150207512682797  0.62322629990407719
  0.63538054085526185  0.64730380651807096  0.65912956410330725  0.67085542516008945
  0.68286152259710176  0.69469374204735435  0.70609020903064101  0.71689312234055957
  0.72758411647074683  0.73864316967750732  0.74965846022992422  0.76041475206439035
  0.77090850846472236  0.78153398257794515  0.79231160906639542  0.80290623894622959
  0.81338642835308439  0.82320115752539869  0.83305471770411543  0.84296806631369503
  0.85280699923905168  0.86268920067587207  0.87211151835725687  0.88196109991859950
  0.89239810581301449  0.90305906020661608  0.91370946812821507  0.92444899606414332
  0.93507155515982909  0.94482931538358261  0.95399013315108350  0.96348862476860997
  0.97259502944208565  0.98165503962534817  0.99064120015801871  1.00000000000000000
 -0.00319843869933803  0.01132361645545447  0.02302365133923247  0.03399015524801374
  0.04473974069843555  0.05568662407045276  0.06661437923090073  0.07742229480561649
  0.08777073673546344  0.09774815442802273  0.10757494458702425  0.11722158683849046
  0.12709173706946247  0.13708120912378088  0.14712197864544044  0.15720135886678760
  0.16730012938821645  0.17751234264849935  0.18762225322985665  0.19758739825087726
  0.20754565236210101  0.21782542180131562  0.22860252316314916  0.23934279584589221
  0.24981390750324492  0.25978444094821518  0.26989122257883796  0.28060407312970048
  0.29169878077335831  0.30258511889800588  0.31276473112958092  0.32249123011475117
  0.33215764728410990  0.34200962321224482  0.35230470549433124  0.36269061277507603
  0.37295898896158469  0.38296820213375582  0.39290518804873525  0.40304227625257499
  0.41343867831262060  0.42386746339333720  0.43423014663198706  0.44440897410498514
  0.45437050765363740  0.46431397555267789  0.47418344442322208  0.48466986092439579
  0.49585888793011706  0.50768573376182313  0.51985412022634714  0.53091074316791342
  0.54131321777593133  0.55143583066977486  0.56191123819717437  0.57274929782402062
  0.58343343242772872  0.59415318670795003  0.60497347848675076  0.61567248208166203
  0.62661694367403264  0.63825233741605625  0.64875115683217621  0.65942469460355380
  0.66995789745557621  0.68075023872364415  0.69072151200502163  0.70054847917295515
  0.71012358537424614  0.71997091289407633  0.73034358713828729  0.74179533877053883
  0.75351398314890639  0.76416659387265495  0.77475830479334407  0.78533595955373359
  0.79605300187140360  0.80614610937555298  0.81626651953051799  0.82646988775744668
  0.83737732095136952  0.84905073621462590  0.86126487526686479  0.87299974779971823
  0.88339080011247795  0.89317598461601433  0.90348393518375281  0.91447193580047870
  0.92603594800334810  0.93748080255602373  0.94802087028670190  0.95811449608299371
  0.96864958050754291  0.97903341493940677  0.98951005027016925  1.00000000000000000
 -0.00190835825475887  0.00751973102632507  0.01570731351111846  0.02422913165499080
  0.03338476827613230  0.04269090952297948  0.05315402544482910  0.06298532560309454
  0.07218820989870425  0.08125364956349389  0.09039055236445095  0.09974968592228241
  0.10919325100097710  0.11870005263395199  0.12814704636905230  0.13696382840772126
  0.14562157277297377  0.15470072712563848  0.16438237408943365  0.17399662221056827
  0.18333657628403077  0.19297037086102176  0.20248470692982451  0.21249635040751061
  0.22225927321729946  0.23258011159175271  0.24282567566545199  0.25345564423466960
  0.26417553081468337  0.27493776406727255  0.28598145781717316  0.29713129209735040
  0.30845712725039076  0.32026029674496853  0.33217787097234441  0.34403204780680152
  0.35560256130728451  0.36793853099107598  0.38019313392878185  0.39224179716815477
  0.40391701001277341  0.41523822249906039  0.42628020483746581  0.43771411622114775
  0.44950016388105135  0.46153938723951732  0.47300546778223557  0.48445341716216467
  0.49646139200075301  0.50939447199212995  0.52220152190161995  0.53429381950861943
  0.54610950181454088  0.55804155048177706  0.57020557241513270  0.58197854922351000
  0.59363113650776977  0.60541485213263291  0.61738383787351414  0.62926248606885948
  0.64106618362979084  0.65322333118017140  0.66568629796346057  0.67831661888818184
  0.69044839729354091  0.70190041309424056  0.71264172871558662  0.72338664822824716
  0.73421453792745828  0.74557807039546742  0.75737138023547246  0.76930748651421688
  0.78026916706828264  0.79157053118020826  0.80261982213173777  0.81286176578660074
  0.82264736263293836  0.83238906851312289  0.84268211269448468  0.85287470053908154
  0.86301199988523858  0.87276215847678795  0.88276323255563327  0.89220151030483130
  0.90144782258542355  0.91041881311398665  0.91982132301801178  0.92909166097341589
  0.93803324052459403  0.94670841930071581  0.95474209741525673  0.96294615344031009
  0.97204682520184049  0.98114311627613293  0.99074354515941931  1.00000000000000000
 -0.00225576375368758  0.00958077311929041  0.01976914784062496  0.02990713464098081
  0.03996599509173526  0.04996672897006264  0.06075674930801418  0.07224755502892261
  0.08414271541551895  0.09538063286691244  0.10623858349935437  0.11674451216346339
  0.12699718863262108  0.13707011552625403  0.14632301779581794  0.15580011816719228
  0.16512331913488718  0.17500728412302016  0.18522753163866798  0.19615512264659321
  0.20718461326794507  0.21658030122514119  0.22566559444991316  0.23527096256493046
  0.24573419961440401  0.25648262212127487  0.26659538291202767  0.27714725421777070
  0.28789611578895952  0.29854840189173676  0.30906458398985875  0.32018488988674410
  0.33132129272205663  0.34207464557352785  0.35242898570639225  0.36284507102000652
  0.37316598877872043  0.38340862724334801  0.39347235452782181  0.40339798935964083
  0.41320166891385107  0.42382241656175240  0.43525418830607310  0.44664610517317871
  0.45768911298972142  0.46807396587687417  0.47875813729049299  0.48958495190894719
  0.50030387026645751  0.51069418033210989  0.52129428833717173  0.53226318692364993
  0.54270700421332330  0.55220819589821402  0.56168097256365679  0.57182631690742525
  0.58246765655161770  0.59339744530377181  0.60424827559370753  0.61538165655554977
  0.62645166041012146  0.63696865467845987  0.64740656227811144  0.65794516484125454
  0.66940352913615597  0.68046401768143194  0.69146198148176663  0.70195981288186771
  0.71263188563042412  0.72347336173222987  0.73505951055997698  0.74670461247577036
  0.75754608346152175  0.76833779903572341  0.77992481239163791  0.79109565126947745
  0.80226924046360959  0.81335192792381616  0.82551728183508999  0.83777286513562710
  0.84948163566317836  0.86045692580233113  0.87143691056033368  0.88227798814148461
  0.89342325351109064  0.90362035095104498  0.91315287968607106  0.92268335569262638
  0.93248472170564300  0.94254577397009054  0.95196937132363291  0.96138620800618824
  0.97095902027680980  0.98029186359314446  0.99004692141786010  1.00000000000000000
 -0.00228985770021652  0.00906873864444809  0.01939646975323204  0.03055951290044264
  0.04232320880645565  0.05452266050203922  0.06655082452778463  0.07783508332436878
  0.08823005976417153  0.09791216060115303  0.10727406847647383  0.11649946479034884
  0.12628491073281270  0.13635786054562116  0.14621011835012321  0.15552349273831950
  0.16469976699162769  0.17458071719152296  0.18487865641616180  0.19517057683297651
  0.20540400211976764  0.21710813563024609  0.22931389852413853  0.24158575705133370
  0.25369703326067866  0.26652533072234802  0.27885594977944339  0.29046163801622260
  0.30101665227112628  0.31120418444503106  0.32155194040273699  0.33175898440297591
  0.34107006990806304  0.35009584407978350  0.35958386862218933  0.36894555813213725
  0.37849252255250138  0.38803595254291828  0.39819742606397412  0.40934897684178417
  0.41954339534413654  0.42935451533755475  0.43967622143291324  0.45034185828488799
  0.46081095276354450  0.47066580436418515  0.48055857962388293  0.49049861681363344
  0.50072272447273092  0.51107869093229052  0.52163767201857847  0.53128389951229937
  0.54134901473003771  0.55092622497135435  0.56036909187704576  0.56980686138756675
  0.57846377578914177  0.58766336186529466  0.59737810840640115  0.60783476728875441
  0.61915299898490783  0.63006975834064227  0.64031131714189315  0.65016483953521331
  0.65982137338969749  0.66973257535145592  0.68059633401743147  0.69151612068590029
  0.70161891143994004  0.71218041942578969  0.72287325297965688  0.73351193826802019
  0.74430567015241567  0.75520745389567934  0.76570964093365679  0.77621325702042843
  0.78699967684148553  0.79829256342890431  0.80973845370417230  0.82146265667467855
  0.83342245610905152  0.84468831780911524  0.85521935261465021  0.86593237055389893
  0.87700563460764658  0.88836987823610081  0.90005028518044161  0.91123442255834119
  0.92257922174325291  0.93386497397330681  0.94497169331327335  0.95615398792368933
  0.96691132761520293  0.97772044690962867  0.98886129617078966  1.00000000000000000
 -0.04045487061924041  0.40719100322794871  0.56401074314420385  0.65314581010269102
  0.69845020229025001  0.71456856339894392  0.72423631678001621  0.73247078566838775
  0.73985455646543563  0.74667918050077964  0.75208319881920871  0.75719112240739572
  0.76249406847181500  0.76788768580084044  0.77285259762241798  0.77664001479087219
  0.78058744125919843  0.78450450888824497  0.78832862183525210  0.79196438444747808
  0.79529983582439356  0.79851092145963709  0.80165483841858431  0.80470079294977737
  0.80778720166593887  0.81099288747065623  0.81435262769599848  0.81772489164284423
  0.82098871678764662  0.82400636328771137  0.82684151687620522  0.82970762619475591
  0.83257759775753792  0.83543045487862910  0.83822616469045275  0.84096531943758646
  0.84372250297438944  0.84651416206841568  0.84930329914389691  0.85201654669178750
  0.85465075391093470  0.85708685847677901  0.85955458250460326  0.86206667241999235
  0.86454759485575172  0.86702191764904557  0.86948065155926746  0.87187342521636735
  0.87422122638442101  0.87655272188624145  0.87888560830426654  0.88122504138833835
  0.88346852675507981  0.88568041319410806  0.88788093203220497  0.89018393626084469
  0.89249749432551995  0.89484836431791515  0.89715884706754545  0.89940751907884464
  0.90158897721462550  0.90371390365116444  0.90582748789395218  0.90799036069340566
  0.91024733440785999  0.91258974771201962  0.91494361439716176  0.91727057097074283
  0.91958480776210039  0.92185585684638505  0.92412057608884224  0.92639399572626024
  0.92871617450932142  0.93110496838725831  0.93351142001511689  0.93592753613955448
  0.93842467232596982  0.94098782835321537  0.94351126183716172  0.94596044944427993
  0.94835880840958320  0.95079191368315474  0.95347770254606556  0.95605277694815050
  0.95888625528888261  0.96185551604318087  0.96488158582826666  0.96792038962529414
  0.97094448714084403  0.97404653080854964  0.97724373184803581  0.98059340025572017
  0.98435792429294866  0.98847338401144891  0.99356371675778188  1.00000000000000000
  0.04295231011940680  0.07888197041023501  0.10120511820525908  0.11577535723325591
  0.12807817156749207  0.14690993744960829  0.15570963235264113  0.16429992755974732
  0.17258753752568307  0.18115505283691169  0.18945006983367341  0.19679707194672180
  0.20372040126190624  0.21065164005672674  0.21665658771841453  0.22228749606216877
  0.22784623866682049  0.23280012602784680  0.23742551599675452  0.24327808518639960
  0.24921586197620879  0.25490415215271894  0.26046301428253682  0.26588037271492615
  0.27144755702176998  0.27689161485056746  0.28226490661155823  0.28752313448967204
  0.29266750580861073  0.29787695291306832  0.30307828082980820  0.30839089008459947
  0.31400327023587654  0.31996112891799128  0.32611946214641863  0.33219119145922416
  0.33838423117556210  0.34433161284895997  0.35022602187013385  0.35613362928509351
  0.36191478563952367  0.36788212152657607  0.37379678309135334  0.37974888640486121
  0.38556943399496330  0.39127615385729980  0.39670718959844953  0.40196220451881931
  0.40730348196587152  0.41288431276052834  0.41903652546347603  0.42549206863434541
  0.43146597526752645  0.43749428383012567  0.44359419547200163  0.45006764081591849
  0.45667809131883952  0.46324062170295077  0.46986892973585109  0.47637519980008763
  0.48305489214472136  0.49005309611952724  0.49719548985055034  0.50448675455583480
  0.51170696559022333  0.51901900974124593  0.52656062042001639  0.53406167539656624
  0.54188914858790804  0.55007011740956757  0.55834262372039611  0.56655642135397910
  0.57493946254168327  0.58363677953052495  0.59256409544184407  0.60161751011385656
  0.61072400210148658  0.61987233609752013  0.62911478430815893  0.63892506175304964
  0.64928220756374933  0.65985694936146211  0.67044747467439447  0.68206742278958499
  0.69489052482734559  0.70906648216540391  0.72400867858572748  0.73885030772718518
  0.75323625145528739  0.76783934753487282  0.78260540748640628  0.79906011377108466
  0.81813761624642345  0.84095454965611094  0.87334541531791399  1.00000000000000000
   4.1249806226229495E-004  -1.0000000000000000     
 F F F F F F F F F F F F F F F F F F F F F F F F F F F F F F F F F F F F F F F F F F F F F F F F F F F F F F F F F F F F F F F F F F F F F F F F F F F F F F F F F F F F F F F F F F F F F F F F F F F F F F F F F F F F F F F F F F F F F F F F F F F F F F F F F F F F F F F F F F F F F F F F F F F F F F F F F F F F F F F F F F F F F F F F F F F F F F F F F F F F F F F F F F F F F F F F F F F F F F F F F F F F F F F F F F F F F F F F F F F F F F F F F F F F F F F F F F F F F F F F F F F F F F F F F F F F F F F F
  <DiscreteSampler_grid>
  grouped_processes
  1 # 1 for a reference and 2 for a running grid.
  10 # Attribute 'min_bin_probing_points' of the grid.
  1 # Attribute 'grid_mode' of the grid. 1=='default',2=='initialization'
  0.0000000000000000 # Attribute 'small_contrib_threshold' of the grid.
  0.5000000000000000 # Attribute 'damping_power' of the grid.
 # binID   n_entries weight   weight_sqr   abs_weight
    19   10   5.352579536752612E+002   1.874169566088449E+006   5.352579536752612E+002
    20   10   5.352579536752618E+002   1.874169566088454E+006   5.352579536752618E+002
    22   10   7.035949045992199E+002   3.254097401550977E+006   7.035949045992199E+002
    23   10   7.035949045992210E+002   3.254097401550991E+006   7.035949045992210E+002
    25   10   4.102865133784636E+002   1.037561297353726E+006   4.102865133784636E+002
    26   10   4.102865133784641E+002   1.037561297353731E+006   4.102865133784641E+002
    28   10   5.091227964599978E+002   1.581932769997924E+006   5.091227964599978E+002
    29   10   5.091227964599987E+002   1.581932769997930E+006   5.091227964599987E+002
  </DiscreteSampler_grid>
