  0.00000010843614570  0.00000012610363200  0.00000013313022747  0.00000014238977894
  0.00000015255375620  0.00000016231340147  0.00000017002600253  0.00000017774276333
  0.00000018548566532  0.00000019350555391  0.00000020200827087  0.00000021007025755
  0.00000021864502308  0.00000022722055648  0.00000023710513686  0.00000024788272762
  0.00000025914293829  0.00000026984172619  0.00000028070273050  0.00000029217201730
  0.00000030485089626  0.00000031845660948  0.00000033248134530  0.00000034827932582
  0.00000036718050888  0.00000038611047942  0.00000040430852905  0.00000042227798772
  0.00000044280571685  0.00000046343396572  0.00000048415277436  0.00000050488558105
  0.00000052554495796  0.00000055190494673  0.00000057939569344  0.00000060957611227
  0.00000064784819015  0.00000068427106576  0.00000071850491046  0.00000075395698838
  0.00000079220519915  0.00000083380120612  0.00000087750638047  0.00000092425512235
  0.00000097387024672  0.00000102332782122  0.00000107294653821  0.00000112594851239
  0.00000118299784146  0.00000124694811530  0.00000131152645702  0.00000139794437109
  0.00000149137120020  0.00000159244354975  0.00000170402370183  0.00000182150854815
  0.00000194474130869  0.00000208522173518  0.00000222797440398  0.00000238485081345
  0.00000255931472708  0.00000274763302768  0.00000295510645403  0.00000318227719337
  0.00000342296866795  0.00000368369802250  0.00000395953627596  0.00000425580067767
  0.00000459598406891  0.00000496932682544  0.00000538204315913  0.00000581727524475
  0.00000630831827846  0.00000688126134114  0.00000754519675272  0.00000833064524289
  0.00000925245023659  0.00001034611849833  0.00001162417474929  0.00001315179977066
  0.00001489949101371  0.00001710925859887  0.00001981471159984  0.00002326521672267
  0.00002726203651697  0.00003214134586161  0.00003883823685648  0.00004810517530210
  0.00006069708405907  0.00007912520245357  0.00011015422320098  0.00017311969215848
  0.00031492818557050  0.00097188744476017  0.03426337141576422  1.00000000000000000
  0.00000047930775972  0.00000065886162869  0.00000079287762357  0.00000093552399877
  0.00000109416965835  0.00000128691834611  0.00000150793970740  0.00000177695795978
  0.00000208301383041  0.00000240703521809  0.00000274023875447  0.00000313516712134
  0.00000359655194802  0.00000412080366687  0.00000465596636660  0.00000526172285993
  0.00000598533564143  0.00000670465267902  0.00000740923336300  0.00000820588954369
  0.00000900688149505  0.00000984098861194  0.00001070900892362  0.00001166579070406
  0.00001273022670773  0.00001383217415690  0.00001497556354892  0.00001618148915259
  0.00001745317457061  0.00001875961336824  0.00002010830282192  0.00002149905853262
  0.00002294476726016  0.00002450930353700  0.00002614840177283  0.00002784542016516
  0.00002965264410813  0.00003151150559198  0.00003340736011874  0.00003542415488644
  0.00003757547796618  0.00003975216031645  0.00004207892692697  0.00004454635130712
  0.00004712117625717  0.00004973847507543  0.00005271650449026  0.00005564284636245
  0.00005869109524056  0.00006200543171364  0.00006563118652620  0.00006937260114513
  0.00007343315061092  0.00007798791946120  0.00008262823463603  0.00008764012507628
  0.00009291187104279  0.00009852311895200  0.00010453824817356  0.00011091120677212
  0.00011761617531005  0.00012457877821176  0.00013231030117574  0.00014099956850045
  0.00015061825048377  0.00016126586974239  0.00017307306242382  0.00018545263918273
  0.00020057876260839  0.00021520411581121  0.00023072154349979  0.00024726228036314
  0.00026458602058492  0.00028270652216710  0.00030147332333764  0.00032489667812927
  0.00035098935008443  0.00038097114904615  0.00041525510051216  0.00045075682521755
  0.00048580753940774  0.00052220252339709  0.00056050092040351  0.00060434392472843
  0.00066402958853265  0.00074039159818543  0.00083717026517390  0.00095827294713323
  0.00111551225070146  0.00135769539255950  0.00172604438710015  0.00217513397439841
  0.00263143767409118  0.00431555562883146  0.16213670387849102  1.00000000000000000
  0.00000242577927254  0.00000270325955237  0.00000280611392293  0.00000290174081789
  0.00000299311974647  0.00000308316222051  0.00000317712004738  0.00000329141564009
  0.00000342127914160  0.00000354128430291  0.00000365038354540  0.00000375899400862
  0.00000387176520847  0.00000398324618130  0.00000409854014262  0.00000423910738197
  0.00000440105662561  0.00000457044689572  0.00000474193266444  0.00000491535001291
  0.00000510061800328  0.00000530614945274  0.00000550925276250  0.00000571841237484
  0.00000592315686042  0.00000616083300614  0.00000641028553424  0.00000668712436808
  0.00000699500158100  0.00000731036633932  0.00000762723086346  0.00000795603460192
  0.00000831638787991  0.00000867379452082  0.00000904502092653  0.00000943475590569
  0.00000985762432619  0.00001029485662050  0.00001075863653327  0.00001127105121931
  0.00001179146874841  0.00001232283611534  0.00001285062070663  0.00001341819103099
  0.00001397692649456  0.00001461769684122  0.00001533382974895  0.00001609553302485
  0.00001690911266817  0.00001778275153327  0.00001868550120846  0.00001963207676667
  0.00002071181157407  0.00002186101249152  0.00002309129030314  0.00002439403159164
  0.00002574336022540  0.00002723127783376  0.00002885242586757  0.00003042004715310
  0.00003222052413879  0.00003411967802818  0.00003646528117882  0.00003916308568966
  0.00004216730712780  0.00004544825234281  0.00004888409701950  0.00005270913777865
  0.00005690165349606  0.00006137533047792  0.00006637342666820  0.00007169966648896
  0.00007745414290895  0.00008387535963885  0.00009104963288508  0.00009903335355039
  0.00010836263311924  0.00011881063828672  0.00013187683268282  0.00014613775546426
  0.00016222738800289  0.00017980181416143  0.00019957960740410  0.00022157152144408
  0.00024711100076004  0.00027910009312411  0.00031764271054082  0.00035299578510594
  0.00038808156984524  0.00042497733272609  0.00048952441889633  0.00060846897686476
  0.00077267082189455  0.00110721016154804  0.10620916804784052  1.00000000000000000
 -0.00194556929867776  0.00991181043563218  0.01995411888708549  0.03007420308440589
  0.04055753091402110  0.05156320483246289  0.06208097828577028  0.07235153419457244
  0.08292960386644206  0.09436938855855202  0.10679063390233043  0.11832555055294887
  0.12935700249684148  0.13987165918541475  0.15061570565837515  0.16144532715301446
  0.17271807388593394  0.18482500274603125  0.19652147697734784  0.20739443057971008
  0.21767743961063682  0.22744616509298596  0.23756290083483611  0.24803400640676387
  0.25893687452196729  0.27039119969558789  0.28164241030396459  0.29291229099327892
  0.30405060908348264  0.31483508097724938  0.32578971370708892  0.33674604483376291
  0.34826859752417272  0.35945393544410326  0.37012602982111770  0.38095290608763399
  0.39198871589312778  0.40316581054830430  0.41383648727135069  0.42350477569093153
  0.43295727099993409  0.44262830851079904  0.45304934281999776  0.46454331034069113
  0.47589253471127846  0.48701041010083851  0.49792858386987143  0.50899846898538348
  0.52015495678188839  0.53111690716823101  0.54250844227641515  0.55398866431930771
  0.56454606764392545  0.57315182065730352  0.58155133184915331  0.58999733879672300
  0.59872209330776471  0.60791928937786033  0.61706639008796138  0.62637291312044185
  0.63589705654880213  0.64599833028472575  0.65725943778324869  0.66848227118494918
  0.67935568685550052  0.68956910547553929  0.69964675208667748  0.70993730874542360
  0.72075763197295473  0.73285820283509429  0.74425854311597672  0.75433363222523231
  0.76397370249983665  0.77365441736858409  0.78412121206372831  0.79530167337005930
  0.80544864945619932  0.81457886875501195  0.82354798204233171  0.83332815931249515
  0.84529392344611420  0.85723775766267130  0.86809839918616805  0.87757298917873006
  0.88741913348345669  0.89744198873852954  0.90772697346835851  0.91796158991804089
  0.92835032370038273  0.93899742573046208  0.94919238636324488  0.95881591491482954
  0.96833031171264583  0.97823707403373639  0.98889883509736243  1.00000000000000000
 -0.00220428823583336  0.01118542470218094  0.02304869097994181  0.03379646548447120
  0.04496861803701183  0.05608919069422720  0.06669576082401482  0.07742637751682027
  0.08799859052675525  0.09880879255735418  0.10968535288635657  0.12112547068084320
  0.13316867583384942  0.14517843398681202  0.15592752143529226  0.16615264532408600
  0.17603488336205556  0.18644656018411176  0.19766161165375690  0.20890248426190966
  0.21978993568121141  0.23033137719118760  0.24118293249702633  0.25223441476326447
  0.26286876768315981  0.27165266289223022  0.27916261125163572  0.28659112216449822
  0.29537509110770455  0.30578502860445322  0.31549628497157706  0.32499308132586063
  0.33463981123740066  0.34529229494266317  0.35564394107157027  0.36594118531323738
  0.37634469985082203  0.38657054098309213  0.39679554218328794  0.40707448903834964
  0.41703338923113648  0.42643697298483640  0.43572049138523217  0.44561953028924128
  0.45629781071048592  0.46693884624564685  0.47747157772815096  0.48847835258458683
  0.49987546338559785  0.51175484233162361  0.52306428025554119  0.53402700194647701
  0.54510023078056746  0.55711800125734467  0.56995232986384925  0.58214147172434449
  0.59249878143092738  0.60235798090841042  0.61227296766729167  0.62341535908163681
  0.63374991628366628  0.64312969447076263  0.65317480325319610  0.66398412818815478
  0.67494885709538066  0.68537789147698280  0.69600088195383591  0.70643214491873652
  0.71618790856707426  0.72584631025462942  0.73595609586135335  0.74632494011156114
  0.75639802005984569  0.76643062728958167  0.77698406091041983  0.78778518613127668
  0.79784044920449804  0.80743092423844354  0.81694610556855640  0.82712121987307263
  0.83726654243770648  0.84664976522594715  0.85629432139612538  0.86677689439543071
  0.87846486506274724  0.88993268709266982  0.90137568615114960  0.91298376588371444
  0.92417876515650621  0.93522775090049282  0.94624649155111418  0.95682807847574847
  0.96696753051512541  0.97768507106657654  0.98863386430880096  1.00000000000000000
  0.00074479782058925  0.00909352839972472  0.01509118408863699  0.02058954334132586
  0.02626482615443261  0.03221162617817132  0.03835922765442187  0.04414065640501903
  0.04955830342722799  0.05474504155929415  0.05985253637513141  0.06507030321695320
  0.07068527288843794  0.07673606066812294  0.08275379395483681  0.08875410034627837
  0.09461190364883036  0.10035500774392631  0.10606796850020626  0.11219885481506212
  0.11805677408361967  0.12396208281551656  0.13030888730352472  0.13733294050754358
  0.14481297545907990  0.15263059738078510  0.16047522302187292  0.16834717584699774
  0.17675611086382445  0.18528362952194327  0.19391255416929662  0.20223656340767995
  0.21000530946524640  0.21716649779206296  0.22448824234146317  0.23198265534974352
  0.23992865766553223  0.24798889128184382  0.25627531146689542  0.26427247836084405
  0.27305173657695958  0.28289858353989705  0.29226400475497949  0.30124068448881985
  0.31000983868512555  0.31907081161757972  0.32867879043630710  0.33884144603495092
  0.34907248519555745  0.35934905529030320  0.36927551007575354  0.37971460064072138
  0.39044133563094918  0.40166912453200754  0.41358777301244415  0.42566661155423824
  0.43755069389206996  0.44876464124014337  0.46021450727826674  0.47222560503415933
  0.48420282023450012  0.49561857242477769  0.50734168029697968  0.51949678347912043
  0.53197738956641916  0.54483062713177810  0.55765425132670343  0.57050910295506629
  0.58302834936184345  0.59612330994377216  0.60977944127827788  0.62348314464609256
  0.63681231458742549  0.64967626549516744  0.66271527481552217  0.67683668088298143
  0.69144634857283960  0.70634741198416795  0.72183170528708618  0.73698914596495957
  0.75192952138447733  0.76742302987055655  0.78292564097180650  0.79868950489688262
  0.81489298123327325  0.83120894493950659  0.84734660468938483  0.86413099593666942
  0.88122856355049606  0.89723735117492942  0.91251790381752806  0.92847556510732643
  0.94583356739855617  0.96282660370006445  0.98072174766252806  1.00000000000000000
 -0.00220014656801011  0.00859819255327250  0.01853249837654018  0.02888013658942504
  0.03892792477671308  0.04857255372892671  0.05868952129486103  0.06814101562197021
  0.07773862853430789  0.08728127318299472  0.09732603955480222  0.10797839437554604
  0.11856944201010765  0.12906623182098731  0.13972975404971827  0.15069895868648989
  0.16154278012940224  0.17173527461036792  0.18166174132161522  0.19180673418548549
  0.20244740115939380  0.21352465821293851  0.22468186043823615  0.23561825561134303
  0.24656182760418685  0.25764353261657730  0.26861653819010495  0.27944409122829134
  0.29000393998983220  0.29990734038912426  0.30943818033565823  0.31917485918128641
  0.32923113328867581  0.33930996699345450  0.34913626251347729  0.35928164713339156
  0.36989760109408570  0.38076427398365703  0.39134047501254127  0.40232952064961203
  0.41357089499135130  0.42459335209560967  0.43556433582994070  0.44708195203278106
  0.45853059389562711  0.46938659359946222  0.48004701679518014  0.49057669393627557
  0.50089663428016640  0.50997214317788875  0.51808490927038819  0.52632550412235912
  0.53515876477695612  0.54552976740474179  0.55612119600246990  0.56666116894223784
  0.57790490733225497  0.58958445561077111  0.60078188495039009  0.61140992347541911
  0.62173392950212847  0.63256859321033754  0.64376823134742933  0.65531528255535465
  0.66690527314744452  0.67804688509744804  0.68878858816304389  0.69928276667946809
  0.70957779653366559  0.71975485520055116  0.73014955513313651  0.74118036889114824
  0.75235952001965567  0.76295294982837736  0.77295106410673609  0.78279502741096707
  0.79317572719014506  0.80440220003971874  0.81636286086885390  0.82860124614726138
  0.84037501458008257  0.85139053498081496  0.86214449833017359  0.87270752592761824
  0.88389422345197755  0.89494553594222326  0.90631678863655663  0.91688958671876586
  0.92734170535561433  0.93761219621866332  0.94795397194451836  0.95897996008505915
  0.96987050648162620  0.98011491560418884  0.99037800113279395  1.00000000000000000
 -0.00178989263649350  0.00821722195907988  0.01574330517509145  0.02294896481184774
  0.03125537913349819  0.04063910739358675  0.05138210954224196  0.06205000193560113
  0.07289124957477348  0.08434762434302161  0.09698079856115883  0.10957910919556374
  0.12154973754979362  0.13329892193482745  0.14492871578287200  0.15620648647972482
  0.16709628572642582  0.17770715344915625  0.18812813719447949  0.19896967266444499
  0.21034699105717228  0.22182089502948418  0.23301531864675171  0.24408067326602265
  0.25519771693531096  0.26606078393479959  0.27694644276116204  0.28781718891396035
  0.29891433684941210  0.30986651691638234  0.32058790410942156  0.33101501644092707
  0.34145619861866761  0.35221548973877681  0.36291545027382716  0.37364410996531361
  0.38439590044600086  0.39529465122625618  0.40600300428265990  0.41658788305815486
  0.42715593780301209  0.43720575906862913  0.44697529931040492  0.45683181141857054
  0.46659418805384878  0.47599274986335721  0.48541037460723008  0.49427896960040041
  0.50282709287965421  0.51140610652522089  0.52105390771785665  0.53273057764757670
  0.54504214254416705  0.55725258312124593  0.56911750041565412  0.57989710507609049
  0.58973569141367310  0.59945499421449744  0.60960717117370877  0.62046056280419626
  0.63207516509271100  0.64326842297184950  0.65357507702142914  0.66299175922966014
  0.67225399962694787  0.68190688530115762  0.69212739358493602  0.70191533201013978
  0.71233442873560437  0.72314483322562462  0.73457385722764346  0.74536319925542871
  0.75706183739972088  0.76865665680041950  0.78019944556364240  0.79151412928431408
  0.80257326712926447  0.81334426685010353  0.82345694612737419  0.83352024503680699
  0.84345418897057167  0.85332249862250020  0.86279381964504964  0.87276339431374983
  0.88286578147202388  0.89251624275870467  0.90248263583540156  0.91286285370623255
  0.92325644160264653  0.93393503156882252  0.94434233997918338  0.95529739566289451
  0.96596950782375579  0.97706716601184929  0.98809918451414480  1.00000000000000000
  0.24168621876692692  0.33259807601317193  0.38764986927457679  0.39368517521759638
  0.40106932613033530  0.40950310550341928  0.41734239842381787  0.42376238028019980
  0.43007385138139143  0.43620211424370198  0.44246724001591964  0.45018991661664076
  0.45742410929494498  0.46408964505554950  0.47052556194420769  0.47729590019394053
  0.48505930692177263  0.49321099918677092  0.50068651951187237  0.50836022602788056
  0.51606130923951743  0.52351812598631187  0.53136889481424976  0.53929794371186968
  0.54581934034442448  0.55144838804846807  0.55734213782311592  0.56372190478226614
  0.57018832788719453  0.57584299174498244  0.58139279133180122  0.58726141759438533
  0.59373207296669672  0.60015538746704222  0.60662113645778815  0.61324889162732610
  0.61963114401374342  0.62629992109345145  0.63338155848928024  0.64045701596016658
  0.64705738743595187  0.65321030834348548  0.65922732458165656  0.66543662876172205
  0.67151851753851610  0.67766985544201996  0.68391642334520242  0.69019055131130302
  0.69621182738770049  0.70208055265373026  0.70786697966235668  0.71359067523551678
  0.71930621024583730  0.72492670354031807  0.73053431221881704  0.73595483372850945
  0.74155033812491788  0.74716451318413291  0.75271193679920967  0.75834804569196723
  0.76426408399463985  0.77035205440402321  0.77661917491119881  0.78279993699412476
  0.78862538099956214  0.79443190866341462  0.80065496202143682  0.80701789069300944
  0.81346729738357726  0.81971595541950193  0.82612674015262899  0.83251970088498228
  0.83874782072909748  0.84470543146074784  0.85072035287897496  0.85704867026535936
  0.86343783160054088  0.86947162350880947  0.87528426529144054  0.88116791326664434
  0.88716891928732733  0.89333047940782984  0.89953724358358755  0.90600510053330885
  0.91245315109780734  0.91915810854585089  0.92592053856507561  0.93271047147330288
  0.93978698514383985  0.94687720820241306  0.95407576473923983  0.96154804823812479
  0.96954763168957858  0.97790212879843530  0.98820958255057934  1.00000000000000000
  0.04944986962219478  0.10266635433681343  0.12381767999789771  0.14676329573269417
  0.16301610818454776  0.17389766152330741  0.18265178948451041  0.18959814063996350
  0.19535389671385772  0.20083259683192939  0.20758941173900447  0.21559621259254139
  0.22372662159905859  0.23193778501610010  0.24066824590938179  0.24878863292566836
  0.25786039850952869  0.26719180032843115  0.27532683335114028  0.28321087785342203
  0.29131710511316689  0.29942316751387871  0.30677542449085005  0.31364738458666580
  0.31989986541656507  0.32634756888000116  0.33278599311494789  0.34004564347358102
  0.34723409964071766  0.35370771380334087  0.36033371855983376  0.36723942157746486
  0.37444998643572913  0.38142891240347893  0.38801013496624387  0.39435957477336758
  0.40075926365628928  0.40722961462301560  0.41376947274345316  0.42022299359939935
  0.42643498775353617  0.43253960809024239  0.43847462832372724  0.44442091516582133
  0.45051656136561924  0.45624167131861654  0.46209345665852158  0.46757434561592892
  0.47328759427805694  0.47918691358758253  0.48518892570211070  0.49145606761431060
  0.49771593859689789  0.50408093667499687  0.51046083533573738  0.51660416042118951
  0.52234450913415831  0.52797112836805227  0.53359270228851330  0.53927139253051393
  0.54484563620670035  0.55045324386230576  0.55633050517362870  0.56235532948929601
  0.56819235291638737  0.57397045321904538  0.57988642867353946  0.58619769906583985
  0.59265087907805969  0.59869153157451205  0.60468559687912815  0.61092173724041965
  0.61746277502365332  0.62487352626267711  0.63266238570376077  0.64038343907546402
  0.64837740126073107  0.65678172763811549  0.66562482308214677  0.67393526820829586
  0.68211682173241583  0.69060605873324843  0.69973477631012304  0.70921652705423099
  0.71903289954947724  0.72897036443919483  0.73980113320380847  0.75165945253133282
  0.76465089452281509  0.77879696421477029  0.79339471562980046  0.80880179800079544
  0.82566695433950077  0.84634253251469871  0.88075154529132871  1.00000000000000000
   3.7599140102470990E-005  -1.0000000000000000     
 F F F F F F F F F F F F F F F F F F F F F F F F F F F F F F F F F F F F F F F F F F F F F F F F F F F F F F F F F F F F F F F F F F F F F F F F F F F F F F F F F F F F F F F F F F F F F F F F F F F F F F F F F F F F F F F F F F F F F F F F F F F F F F F F
  <DiscreteSampler_grid>
  grouped_processes
  1 # 1 for a reference and 2 for a running grid.
  10 # Attribute 'min_bin_probing_points' of the grid.
  1 # Attribute 'grid_mode' of the grid. 1=='default',2=='initialization'
  0.0000000000000000 # Attribute 'small_contrib_threshold' of the grid.
  0.5000000000000000 # Attribute 'damping_power' of the grid.
 # binID   n_entries weight   weight_sqr   abs_weight
    13   10   1.362007103903073E+000   8.815938861597264E+000   1.362007103903073E+000
    16   10   3.496333433833542E-001   5.536242127866033E-001   3.496333433833542E-001
    22   10   1.131130913326971E+000   7.327082450503466E+000   1.131130913326971E+000
    25   10   2.684414380457708E-001   4.523987817669040E-001   2.684414380457708E-001
  </DiscreteSampler_grid>
