 -0.00378145765279821  0.01718034638446026  0.03279127662699186  0.04677647718967721
  0.05984292647733522  0.07241130379601356  0.08406701389805522  0.09598550949067874
  0.10760014699005932  0.12032990240798308  0.13239937622440920  0.14523107471965097
  0.15813823638018065  0.17082471655515968  0.18218116735463116  0.19369401191552030
  0.20510262808943591  0.21666142207374070  0.22832500014961618  0.24037708297053179
  0.25210320644082390  0.26333740541749462  0.27377389243143324  0.28352113960889769
  0.29266672495953938  0.30184296936741650  0.31138882417038849  0.32120872898826819
  0.33118713211407358  0.34156667213405184  0.35213789010794200  0.36226491558770707
  0.37218853459092044  0.38234868589762200  0.39286605861158419  0.40384828154352054
  0.41488071290658229  0.42585928745676699  0.43643180088928463  0.44691983015551046
  0.45805527228749132  0.46967683906002822  0.48107408319808737  0.49203246135259887
  0.50283165899297766  0.51373266221472091  0.52464654198521932  0.53514616982610996
  0.54535019956541197  0.55552176784996621  0.56596329679003843  0.57685044209904490
  0.58798494850010052  0.59917857814198228  0.60984922360539040  0.61998147858899921
  0.63012663708863337  0.64031535058342648  0.65033734918027841  0.66035239327727002
  0.67056156326752203  0.68142883822678901  0.69197369841767031  0.70216059411127119
  0.71258587134751150  0.72332693965111616  0.73364186525750108  0.74313060879941573
  0.75238049631991355  0.76186953793129608  0.77176265490495033  0.78199665015390396
  0.79184302623586833  0.80170865389866874  0.81169693043830238  0.82188015145059057
  0.83234282900694323  0.84257595059991430  0.85339027547943402  0.86413757456005102
  0.87458417038598868  0.88449201131788380  0.89434740219973208  0.90452308288539285
  0.91458525715878802  0.92483267253467993  0.93519437134377925  0.94539005376134300
  0.95522282490702537  0.96425136416330481  0.97294186938107674  0.98024519358848516
  0.98645529323763459  0.99166438792141653  0.99600285609489281  1.00000000000000000
  0.00000288683641202  0.00000296652338805  0.00000305496827629  0.00000313782174060
  0.00000320163354127  0.00000327192039673  0.00000334353580450  0.00000342004044941
  0.00000351215565139  0.00000361701255641  0.00000374681431295  0.00000389475577192
  0.00000404671652969  0.00000421006444538  0.00000436446818698  0.00000453412662715
  0.00000472344926402  0.00000491481754721  0.00000514539601011  0.00000541773922081
  0.00000569828428036  0.00000598784322279  0.00000629015059688  0.00000658252989210
  0.00000689702543010  0.00000722512325621  0.00000755207601252  0.00000789563789356
  0.00000829403722465  0.00000871948991639  0.00000917209320385  0.00000965883170123
  0.00001016774616580  0.00001067582504761  0.00001125847595398  0.00001187461944247
  0.00001253531026941  0.00001321074653960  0.00001390906514484  0.00001465043290009
  0.00001551265837813  0.00001642679755785  0.00001740991177755  0.00001848148171949
  0.00001959005142707  0.00002087328925423  0.00002223687906328  0.00002373198606117
  0.00002532696309761  0.00002706111714062  0.00002897862221055  0.00003109172446046
  0.00003341957579023  0.00003594967273710  0.00003865426015930  0.00004156278736263
  0.00004482881650192  0.00004840480352685  0.00005231725503149  0.00005653932499479
  0.00006134087196636  0.00006672642157667  0.00007258006025300  0.00007899859217436
  0.00008651837948237  0.00009473600082329  0.00010431616307256  0.00011467863146876
  0.00012620371414031  0.00013865994079308  0.00015197711782381  0.00016880860817135
  0.00019022198829297  0.00021783943449758  0.00024731047426349  0.00027671055514942
  0.00030821142839939  0.00034707080513789  0.00039464917650776  0.00044978633123166
  0.00051193956732948  0.00058310442662160  0.00066183832764359  0.00075736069934706
  0.00088555979006451  0.00107954463544007  0.00130916014726365  0.00152759616276266
  0.00178151496780225  0.00216285443230874  0.00267733313284058  0.00323015908252648
  0.00853592351514126  0.01699490000444569  0.02929168324047293  1.00000000000000000
  0.00000259993031204  0.00000283798382411  0.00000308131893158  0.00000331845379174
  0.00000354442517896  0.00000377755837538  0.00000402007519317  0.00000428283732783
  0.00000455730961561  0.00000482955472213  0.00000511176603152  0.00000540831843567
  0.00000572542192907  0.00000606023872740  0.00000640090284192  0.00000674378626196
  0.00000711157018463  0.00000750712087547  0.00000791274190788  0.00000832605822845
  0.00000874471103434  0.00000916303130827  0.00000960208798073  0.00001010424571480
  0.00001063471725507  0.00001121283517401  0.00001179377806803  0.00001239903692638
  0.00001303907454309  0.00001370628119009  0.00001438470912252  0.00001509367137755
  0.00001582722789700  0.00001657235353226  0.00001736108495215  0.00001817432433199
  0.00001902006228481  0.00001988010646420  0.00002082523419839  0.00002181323619724
  0.00002292732167948  0.00002416131702040  0.00002545857799926  0.00002683287600266
  0.00002829609634151  0.00002981507681163  0.00003153841024752  0.00003328612424804
  0.00003515761867899  0.00003724333344515  0.00003954516124894  0.00004203560274055
  0.00004477596806870  0.00004769359860482  0.00005087742823458  0.00005439071396689
  0.00005812529531342  0.00006230371203364  0.00006717428842090  0.00007269677727291
  0.00007848283241175  0.00008473352964083  0.00009174336287390  0.00010004316362936
  0.00010937739313173  0.00011947628083659  0.00013008658916089  0.00014113943490417
  0.00015352611137938  0.00016640088328710  0.00018009712860181  0.00019545473508803
  0.00021311223290165  0.00023285920749999  0.00025505033643994  0.00028115401574938
  0.00031416098989779  0.00034926136449286  0.00038491966483052  0.00042670730598442
  0.00048052304347215  0.00054945116191608  0.00062817033259772  0.00070585504742346
  0.00079159282187766  0.00088107416929839  0.00097972253846360  0.00109435459573801
  0.00123335223951722  0.00141625662494955  0.00164303300993363  0.00194868316717666
  0.00226039362964371  0.00254008828515577  0.00607615184992602  1.00000000000000000
 -0.00212812631386669  0.00931770722293250  0.01874463751536043  0.02856096961355642
  0.03852088313063348  0.04886755958296466  0.05960220827643922  0.06958705413365661
  0.07989250633802349  0.09067442948644550  0.10239875032014764  0.11513360014711735
  0.12718892964614414  0.13900065694528646  0.15080763842672723  0.16281065139733486
  0.17463368145108021  0.18612272065121543  0.19760766394883689  0.20960050656055976
  0.22205960840207456  0.23439622822315023  0.24648636143353714  0.25860977840232385
  0.27066388997889412  0.28263036069930925  0.29469835066678324  0.30729398452543311
  0.31990944348364492  0.33279713479202105  0.34611853716613944  0.35913237123644265
  0.37133578612850826  0.38308669517622257  0.39483730144325552  0.40675716959124963
  0.41841376158500315  0.42929546555944542  0.44024648883138062  0.45119760665763603
  0.46237114836556892  0.47366182103326149  0.48534705060184963  0.49745122535910052
  0.50959223194907322  0.52149692064736430  0.53319455354189949  0.54492370475060292
  0.55663738144150676  0.56830050255519360  0.57997841423260998  0.59164719283992739
  0.60335868320430652  0.61524084265555457  0.62711524345810210  0.63873606876173250
  0.65001069999521888  0.66076307374076615  0.67044946866275867  0.68018633445408205
  0.68998798329384015  0.70036756364477515  0.71122759288294835  0.72190851731012051
  0.73229421570964426  0.74190125363352399  0.75140382652913362  0.76095539599361872
  0.77076670068596165  0.77984857474603342  0.78840040961525959  0.79662145909793636
  0.80514088588245791  0.81449713498656096  0.82408243430305483  0.83347118919667518
  0.84216286821448838  0.85064718496843017  0.85915123836209195  0.86757453040940780
  0.87567257876204929  0.88316301076005388  0.89050995519759457  0.89830619526111388
  0.90632100443367614  0.91459145685929233  0.92287621371293782  0.93095197825254294
  0.93952909548478503  0.94790930877768065  0.95638121447493341  0.96512224758640608
  0.97404197849155172  0.98291753652314673  0.99148441814723287  1.00000000000000000
 -0.00277390155863301  0.01050475516595372  0.02188773032109651  0.03217598180764362
  0.04281528045094942  0.05367225831888130  0.06453539410558162  0.07532435855524090
  0.08598156268101591  0.09675021160362471  0.10766881563189019  0.11871560535155132
  0.12968744168760268  0.14034829244803793  0.15091276070491219  0.16170278146556313
  0.17276837809379350  0.18403002583427050  0.19543103040726462  0.20644373913056274
  0.21698351296212012  0.22752213149064285  0.23905793666673192  0.25060299909832040
  0.26147788288290846  0.27237632172151988  0.28363036370464345  0.29504868526549793
  0.30620452837690060  0.31671616322017399  0.32687474032150032  0.33708054485048633
  0.34786066068098542  0.35890334473618857  0.36968033023576929  0.38028488387630593
  0.39086324160311625  0.40150629811726352  0.41230054771739916  0.42305720101104038
  0.43371113820648155  0.44427259919135059  0.45413407774542308  0.46339008641291901
  0.47251185278999946  0.48177708868971636  0.49135292797631702  0.50101920633527675
  0.51064769258955134  0.52060658006358640  0.53107709983120599  0.54176646297345699
  0.55178231472581019  0.56103313566280433  0.57056944897415418  0.58084827255147209
  0.59196939511642299  0.60242138374190202  0.61206064227274681  0.62148796656229355
  0.63078392036355291  0.64042733169304333  0.65072988362306694  0.66182755686850492
  0.67262795027887812  0.68269127795674678  0.69257067828417140  0.70288126633347692
  0.71403997726497526  0.72477640167791180  0.73538537106582524  0.74632494697064522
  0.75738349916997916  0.76777721022435075  0.77787465523500987  0.78809332898061535
  0.79895437637653344  0.80997406121522486  0.82109004378659045  0.83201577572711616
  0.84212276568056921  0.85225356668809049  0.86295665492121243  0.87369556697694961
  0.88401305030187671  0.89411383433959124  0.90455915721052671  0.91503671076898341
  0.92583476050419400  0.93699919248318964  0.94864567001770073  0.96013053778091151
  0.97083956379947423  0.98074449671764075  0.99046409688946757  1.00000000000000000
 -0.00233403790929217  0.01007727436544493  0.02034538816474806  0.03083468191883222
  0.04187266445225313  0.05277474139107427  0.06228083365061379  0.07174173072102510
  0.08140864916410998  0.09149873601000708  0.10185038174223861  0.11158836532498893
  0.12125887483069024  0.13113357059890693  0.14131874444833087  0.15191634570548090
  0.16212877395598863  0.17266269908034154  0.18302102595851014  0.19321375266465241
  0.20248004506210304  0.21191670465404486  0.22148041871647509  0.23186322344188792
  0.24194634947768237  0.25226389770979207  0.26270587415042973  0.27345221983764051
  0.28454755333697695  0.29518397959949433  0.30545349953717205  0.31617136617792757
  0.32745449600348975  0.33893403346810946  0.35017576619883206  0.36135085314537724
  0.37217753709053142  0.38281983068279740  0.39340210666891706  0.40391085413399663
  0.41416961983250827  0.42502966816169657  0.43553178366087730  0.44641252449854074
  0.45714119353310489  0.46840095443625546  0.48001253117208520  0.49125783047088456
  0.50236633251211626  0.51269214252617390  0.52272879582351339  0.53280195317532841
  0.54282407815646694  0.55334445771321328  0.56380431405502018  0.57482791756670815
  0.58523977699793017  0.59553940986590170  0.60548684042900713  0.61570630566638385
  0.62588837178794632  0.63541436311834965  0.64461586005224891  0.65425206083811072
  0.66454816992736265  0.67531304068186704  0.68636615475651519  0.69748878725541164
  0.70858964510238653  0.71972796719717302  0.73076739281060654  0.74208342800141180
  0.75375500265136808  0.76562731687977303  0.77765163428624706  0.78962150931095376
  0.80120247074020778  0.81294339746679956  0.82421776679882530  0.83556129950931668
  0.84601952234700462  0.85693105524816049  0.86714690559942276  0.87736249645168851
  0.88754032232620439  0.89758436894412386  0.90777165433188478  0.91778085544683707
  0.92850886381368913  0.93905496769862040  0.94904700127798247  0.95915606776929352
  0.96977274455767259  0.98045632526170146  0.99058564823424944  1.00000000000000000
 -0.00002983845674229  0.00010248896560848  0.00020059976085762  0.00030395598484853
  0.00040998820276305  0.00049111162403613  0.00054722824126434  0.00060034104711288
  0.00065131267337323  0.00070056232890998  0.00074961867393849  0.00079984932045508
  0.00084981906700610  0.00089923214649262  0.00094999497283148  0.00100189928318200
  0.00105996121103640  0.00112011790796577  0.00118099656629162  0.00124229155872379
  0.00130893168178092  0.00137705954785613  0.00144759851308708  0.00152029547253299
  0.00158892419426910  0.00164291696927157  0.00169665945459886  0.00174845000903192
  0.00180024056346498  0.00185340029030303  0.00190671685356482  0.00197358820064301
  0.00204732337848657  0.00213056131934338  0.00221408237527802  0.00229477513230262
  0.00237392197892579  0.00245394635131048  0.00252918321467107  0.00260637080903269
  0.00268722311123040  0.00276094029067229  0.00284196277317996  0.00293052961298791
  0.00301688799742359  0.00311079416519988  0.00318855355543699  0.00325236414994285
  0.00331627861424897  0.00338025286458508  0.00345160308495534  0.00352586081621823
  0.00365163072839866  0.00378979039162144  0.00392362090842761  0.00405691822728188
  0.00419389547056414  0.00433824939655760  0.00447643598511090  0.00462059342516958
  0.00477693106150403  0.00494478968708201  0.00513530847049423  0.00535133842296519
  0.00553452833308645  0.00574655982772883  0.00590467713436301  0.00604818337208319
  0.00619122017132397  0.00635182914046877  0.00656081654666121  0.00676078971371745
  0.00698480355151840  0.00724491943407957  0.00752870234334506  0.00778516693267837
  0.00802686766204178  0.00826761104938862  0.00851345528388445  0.00885251872630957
  0.00920075328105375  0.00968212521797487  0.01005895904989910  0.01145937310074373
  0.01191241530917239  0.01298651031706797  0.01352404024129935  0.01400259093024789
  0.01607695160377473  0.01802022496861940  0.01978271834263920  0.02242295837818744
  0.02461414604232738  0.02828976344135811  0.05183298603416194  1.00000000000000000
 -0.00199164890703433  0.00776814700972180  0.01596118527950999  0.02484231262448841
  0.03332610864923238  0.04232684956886294  0.05174382756077692  0.06201761488765023
  0.07323452772352719  0.08402461638099797  0.09398922099103371  0.10378352742722408
  0.11371074477337811  0.12401246486564806  0.13490458399945635  0.14591246142506095
  0.15720587540255396  0.16821950740929911  0.17883980444297282  0.18920248076009993
  0.19954017672831331  0.21023204363520764  0.22171560682806471  0.23337884672029136
  0.24494712264457835  0.25623760325438022  0.26793025361179806  0.27908277381276198
  0.29004310144268441  0.30054127428256738  0.31151514832611532  0.32230153856116672
  0.33277893008072329  0.34300282889505040  0.35391299760214412  0.36591129189489108
  0.37879085777321675  0.39068386120540799  0.40200201089505083  0.41294035478499036
  0.42367238423070663  0.43458186995538184  0.44593178211454787  0.45754542419730088
  0.46878581876058673  0.47984867483275850  0.49110630981144343  0.50236401479621973
  0.51346748010900967  0.52451170881973874  0.53596599815833079  0.54724852074641095
  0.55771992890660260  0.56758157252410302  0.57747926797404381  0.58802026111335204
  0.59929418678802371  0.61073092045615440  0.62244270278556790  0.63415405677389369
  0.64548540884516548  0.65668027856603695  0.66753128448967558  0.67810814252824192
  0.68881919177205964  0.70006334753606625  0.71108535199890188  0.72122584808596668
  0.73165355203808524  0.74274135854588930  0.75476443979867069  0.76606943079303302
  0.77749307870813444  0.78859660950327093  0.79926659144353729  0.80972326995444943
  0.82037649858211070  0.83106065519586558  0.84111221541536563  0.85067213852264500
  0.86014775035628188  0.86984725281219522  0.87969139842204203  0.88967028963688199
  0.89987300266515202  0.90976925459222113  0.91935986339732167  0.92912817697822259
  0.93910363765056337  0.94876179711720354  0.95778907962267512  0.96670001622730006
  0.97527057694290986  0.98364339372417109  0.99212391950393297  1.00000000000000000
  0.11953889995089111  0.69500089493336659  0.70210223316803999  0.70797053366292029
  0.71213167042800829  0.71553276270248778  0.71898832323638562  0.72242412850526116
  0.72564181669679417  0.72892011233304910  0.73224674021981728  0.73555434740631964
  0.73860117746172527  0.74138908386475744  0.74423283967991494  0.74707364469097459
  0.74998517160505940  0.75286739136908665  0.75571100605083408  0.75859150996943892
  0.76139691721055147  0.76417100176704655  0.76687285466872590  0.76956896207562475
  0.77239068971691038  0.77519702998853302  0.77802454137116073  0.78070659702323941
  0.78340489442932193  0.78602928214390799  0.78877162113208366  0.79157098684823834
  0.79445415769089545  0.79732880513940341  0.80014174140227978  0.80291840830860195
  0.80567499758923378  0.80846642320244488  0.81126983041826595  0.81403284274938947
  0.81674133341524757  0.81942733550277347  0.82213633283715781  0.82484432241319217
  0.82758306360480482  0.83032502145843645  0.83305666740561046  0.83577702648172436
  0.83849781814097613  0.84125528177673325  0.84410019078422682  0.84694106261449287
  0.84981582081625784  0.85267319304678679  0.85565173851175014  0.85868285057353555
  0.86169172622231027  0.86469299195812821  0.86769758732151170  0.87075662965526168
  0.87382027844698229  0.87692098159623255  0.88003573071429064  0.88314269927419597
  0.88626507712782177  0.88941210892223732  0.89259390440112685  0.89585670696031217
  0.89921930846300768  0.90257304635090085  0.90588934538877042  0.90917603800653690
  0.91251188300850516  0.91601603186152625  0.91954274507980871  0.92311570663095388
  0.92657085607619105  0.93000381359625073  0.93321380379818608  0.93633189149318252
  0.93944970867501121  0.94259071718006304  0.94585205935300176  0.94898038445859878
  0.95218914391832843  0.95541699564747340  0.95845396904706448  0.96205098938204558
  0.96553793670012034  0.96914744092710703  0.97303280681820881  0.97693071339604531
  0.98131211028094867  0.98634473580651205  0.99233577618803437  1.00000000000000000
 -0.01466246005803865  0.14637652707490253  0.19739668308074942  0.22785597531886029
  0.25114092202836336  0.27023767824654282  0.28718779189574095  0.30319001094412290
  0.31832518908577950  0.33173404727277650  0.34423131528352441  0.35611626503521931
  0.36750705688173751  0.37836345107726105  0.38876853155569624  0.39916634145220614
  0.40915686427681014  0.41853592752155833  0.42765806888206442  0.43676236200833773
  0.44598452360930613  0.45512399604783060  0.46403471198052176  0.47285168216770629
  0.48134982988035552  0.48954750215863824  0.49767684690951752  0.50565049699593778
  0.51319504820848971  0.52053724075784036  0.52806655378467549  0.53593581112489208
  0.54387479818108031  0.55129144817338449  0.55841684188683272  0.56550321256318647
  0.57247921942004598  0.57923992336974783  0.58579136223504003  0.59183767477449878
  0.59804536904063277  0.60413971072066441  0.61011506490517808  0.61646367100388633
  0.62322741200831078  0.62985236724145566  0.63611665402145390  0.64212055017132719
  0.64805815384995646  0.65407943544094105  0.65996927178231091  0.66556478462262936
  0.67087319660390066  0.67598759805483732  0.68092364431103747  0.68615041694144474
  0.69127861066130558  0.69667481655543162  0.70242023949184362  0.70816149724707234
  0.71374837832705740  0.71889711414142665  0.72389263229486067  0.72890357395944427
  0.73402377515988659  0.73934457188683245  0.74458328237790106  0.74969384709908482
  0.75473426816385614  0.75962604085420471  0.76418814163786941  0.76836573561026245
  0.77239128026007253  0.77668759461440540  0.78090448689981939  0.78513273860118837
  0.79006729106655738  0.79546546451640654  0.80057680458852876  0.80584135932539303
  0.81139562925433917  0.81716055318024994  0.82303691730387063  0.82966894320997930
  0.83537957524324080  0.84086484176340426  0.84624607288563058  0.85220040981621559
  0.85995163423300269  0.86924487919240567  0.87893476856417518  0.88927044915788156
  0.89820570409300682  0.91526078952605938  0.94704643630154894  1.00000000000000000
   1.6238886731590900E-004  -1.0000000000000000     
 F F F F F F F F F F F F F F F F F F F F F F F F F F F F F F F F F F F F F F F F F F F F F F F F F F F F F F F F F F F F F F F F F F F F F F F F F F F F F F F F F F F F F F F F F F F F F F F F F F F F F F F F F F F F F F F F F F F F F F F F F F F F F F F F
  <DiscreteSampler_grid>
  grouped_processes
  1 # 1 for a reference and 2 for a running grid.
  10 # Attribute 'min_bin_probing_points' of the grid.
  1 # Attribute 'grid_mode' of the grid. 1=='default',2=='initialization'
  0.0000000000000000 # Attribute 'small_contrib_threshold' of the grid.
  0.5000000000000000 # Attribute 'damping_power' of the grid.
 # binID   n_entries weight   weight_sqr   abs_weight
    13   10   7.358469372649395E+003   2.594479153127304E+008   7.358469372649395E+003
    14   10   7.358469372649401E+003   2.594479153127311E+008   7.358469372649401E+003
    16   10   9.811794104532246E+003   4.672737423818362E+008   9.811794104532246E+003
    17   10   9.811794104532255E+003   4.672737423818375E+008   9.811794104532255E+003
    22   10   7.358469372649395E+003   2.594479153127304E+008   7.358469372649395E+003
    23   10   7.358469372649402E+003   2.594479153127311E+008   7.358469372649402E+003
    25   10   9.811794104532242E+003   4.672737423818361E+008   9.811794104532242E+003
    26   10   9.811794104532253E+003   4.672737423818375E+008   9.811794104532253E+003
  </DiscreteSampler_grid>
