 -0.00342206524105075  0.01613403731284030  0.03115475536559850  0.04416826589270341
  0.05613197148468387  0.06821305498333580  0.08059634185380599  0.09061640778112286
  0.09973330664861531  0.10893018115288436  0.11911030938091041  0.13060837251882992
  0.14160177815328726  0.15274218962296135  0.16449391531581259  0.17591824369857839
  0.18701122912352647  0.19794730193493584  0.20893600612570795  0.21995727349999616
  0.23069590717009583  0.24126032544948631  0.25203247370397330  0.26298073870345662
  0.27385736548037992  0.28452090166672567  0.29506200518364845  0.30581014381884619
  0.31692715908744129  0.32837514173250731  0.33999093999156343  0.35152811324725275
  0.36255645755550847  0.37350380285990475  0.38420878135939268  0.39524552804594881
  0.40671470928933978  0.41874684713859323  0.43050039013166508  0.44186076113647926
  0.45309269213358105  0.46384523810296113  0.47384128832113453  0.48390560107739500
  0.49395989928250827  0.50419295103506856  0.51447559066269644  0.52498847066410803
  0.53560563290863972  0.54619234698640440  0.55680119696391406  0.56704543362726456
  0.57683181390047511  0.58670959089480523  0.59680430254757544  0.60762973381535113
  0.61807245741523598  0.62801115621761561  0.63772029518320206  0.64791799890978707
  0.65901367691423751  0.66999699024578063  0.68061526100636571  0.69121516023136464
  0.70178372275504342  0.71209295889767510  0.72171938335624253  0.73137107192680473
  0.74158806851830594  0.75215197324879135  0.76327069374988443  0.77419620928026656
  0.78445722264976059  0.79446542779429219  0.80426237503213427  0.81470502522042387
  0.82480436682978020  0.83476246452202507  0.84451463044627628  0.85331261419750559
  0.86245933019920951  0.87096332545685196  0.88044978773503479  0.89031865186222292
  0.90095776268399319  0.91171936161486167  0.92180167874800745  0.93199524260356303
  0.94227971050407267  0.95251913702122259  0.96218424674315017  0.97147813236776859
  0.98026685079948217  0.98748945915076625  0.99394177770011827  1.00000000000000000
  0.00000274202891467  0.00000287934701087  0.00000300069791091  0.00000311410872469
  0.00000322488192211  0.00000333517918098  0.00000344615976553  0.00000356527635928
  0.00000370541077245  0.00000387748395498  0.00000407682949409  0.00000427288505847
  0.00000446657142659  0.00000466009487694  0.00000485554564643  0.00000506491788420
  0.00000527728861213  0.00000548688900345  0.00000570074678440  0.00000592947506628
  0.00000617801381727  0.00000642792195507  0.00000667992649897  0.00000694432868978
  0.00000724544702427  0.00000753839680620  0.00000783741881009  0.00000814930919478
  0.00000847954503371  0.00000883213611587  0.00000920556090829  0.00000960823519925
  0.00001003038626870  0.00001044409432909  0.00001088526842528  0.00001135156230725
  0.00001182362164261  0.00001232937946621  0.00001288107521820  0.00001346494693349
  0.00001405619988041  0.00001469491632560  0.00001537925866916  0.00001609935697402
  0.00001685461782444  0.00001763266678269  0.00001841161702609  0.00001920281615699
  0.00002006353181772  0.00002104014999165  0.00002204057923345  0.00002313961877835
  0.00002434365751641  0.00002557831429486  0.00002686361585958  0.00002826688019706
  0.00002976926316329  0.00003151189154771  0.00003345694336295  0.00003562913290717
  0.00003806194333146  0.00004065515115394  0.00004334743599905  0.00004614577538444
  0.00004914161955050  0.00005282332924269  0.00005683710993079  0.00006130508659602
  0.00006565971494323  0.00006998955479811  0.00007442356345422  0.00008051167076937
  0.00008727677389848  0.00009538168048641  0.00010333441780317  0.00011363535774614
  0.00012523465532342  0.00013920836654783  0.00015535142031190  0.00017470961845532
  0.00019798571480406  0.00022898997369839  0.00026807427959317  0.00031663816342291
  0.00037657463023921  0.00045270833799234  0.00055203612943496  0.00069606045662939
  0.00086700900438219  0.00109602055539794  0.00139498844130379  0.00194039746593235
  0.00277542121817565  0.00501069245056056  0.01045731373197087  1.00000000000000000
  0.00000373285082672  0.00000430162387603  0.00000497818874226  0.00000568851425544
  0.00000638688821508  0.00000707928844274  0.00000780657118888  0.00000857806623166
  0.00000936968174799  0.00001013841045992  0.00001095830478079  0.00001183407608384
  0.00001278114131253  0.00001378023642043  0.00001485891038581  0.00001604104040346
  0.00001727765730980  0.00001860026056059  0.00002000051633445  0.00002158608954655
  0.00002327253512004  0.00002512585759266  0.00002714090281288  0.00002937255067658
  0.00003174624945122  0.00003427840566535  0.00003703847315752  0.00004001984416549
  0.00004333767031773  0.00004691473343323  0.00005105064758867  0.00005535984089381
  0.00006031804071565  0.00006564411299103  0.00007162902437833  0.00007778655931289
  0.00008446173360774  0.00009135607305181  0.00009844309413955  0.00010583091867502
  0.00011388807579702  0.00012278856347759  0.00013275175073615  0.00014369807364866
  0.00015529243928079  0.00016732212919452  0.00017991454918319  0.00019336134251810
  0.00020759530325731  0.00022211780732885  0.00023648669921641  0.00025133587490277
  0.00026675777747907  0.00028250637129853  0.00029846456173128  0.00031451191400144
  0.00033245740720233  0.00035507032359515  0.00038300244181276  0.00041100133351784
  0.00043642516495388  0.00046131437921430  0.00048475683091463  0.00050961428411921
  0.00054168977008130  0.00057723273104114  0.00061338439834737  0.00064933007728062
  0.00068342852499281  0.00071627233856604  0.00075250827375416  0.00079199463646000
  0.00083113780989694  0.00087706325496846  0.00092145139012856  0.00096854649867393
  0.00103055560407094  0.00110339019746370  0.00119315461193320  0.00128985051947529
  0.00138772559762952  0.00148877057986831  0.00159633830157351  0.00171125534384520
  0.00183161664339768  0.00196047198927609  0.00209777514505277  0.00228251306404676
  0.00244868292602194  0.00262424674407009  0.00284823822954182  0.00297842989276188
  0.00314173048030417  0.00365093205612009  0.00525676140865107  1.00000000000000000
 -0.00212380477454829  0.01054783895647427  0.02046490171195445  0.03045917418270314
  0.04057842516573688  0.05119407620569972  0.06144165202496956  0.07190698553906749
  0.08298409035346822  0.09496856336713655  0.10715181038220067  0.11910332116042291
  0.13081298284636200  0.14245283202502382  0.15164144828313592  0.16130477160978296
  0.17091752899844140  0.18188070148709820  0.19349008624726327  0.20455190081771585
  0.21533941431715886  0.22638283646615207  0.23771284069509052  0.24937309322289128
  0.26083290391263347  0.27257380433407813  0.28415149297100001  0.29582029059060089
  0.30766517871286780  0.31985610073431625  0.33216282682570919  0.34433657653832622
  0.35654654112185097  0.36885700282469597  0.38053225335187196  0.39165400166017439
  0.40253631632548426  0.41382393087397307  0.42561030357080676  0.43751537166686749
  0.44971855232349683  0.46139073651019991  0.47216109411212198  0.48272843468996141
  0.49338653637398383  0.50391089370520514  0.51421215090037375  0.52489823743339881
  0.53642327001589840  0.54819890362723123  0.55899780714268343  0.56948387474775475
  0.57967272458159935  0.59046997393637035  0.60081810450037865  0.61081040734969627
  0.62126112763035757  0.63237495074530004  0.64382216818220284  0.65464094497549319
  0.66522027898115610  0.67559670430347918  0.68631307527680241  0.69671105200398675
  0.70675631852279885  0.71583212375280381  0.72418552560471117  0.73318354036137978
  0.74299669328727691  0.75334389312114070  0.76333861101834499  0.77287265260420601
  0.78280564944828201  0.79265419070522181  0.80262949596884936  0.81302084328179192
  0.82317877438082321  0.83324137835477641  0.84275904170119686  0.85207997877686337
  0.86166264110656587  0.87162762414360739  0.88129111407806626  0.89052447899497478
  0.89988206188446196  0.90962751241062267  0.91954511565193220  0.92864920401526829
  0.93730704976043600  0.94595533811829768  0.95505997184796976  0.96375331957199717
  0.97304283938610325  0.98211248883337343  0.99135273881623187  1.00000000000000000
 -0.00254801341792781  0.01147410770022369  0.02320474401021410  0.03464541613024132
  0.04550334541377828  0.05572181922431117  0.06564407351600274  0.07566948361186857
  0.08552312606270479  0.09604866135167946  0.10700591080567758  0.11821181094903246
  0.12873818227755665  0.13883883570332239  0.14929615311292102  0.16014128708485989
  0.17122163533520535  0.18155288071668715  0.19223093458136534  0.20288410731868273
  0.21401731894283765  0.22498817016982897  0.23613790282735822  0.24676757131825991
  0.25678239804200875  0.26672553695927398  0.27729967743181294  0.28820136581441486
  0.29892921829218089  0.30974962632322961  0.32020471604726936  0.33012452753563376
  0.33944833033044958  0.34877968578246304  0.35900375697965065  0.36973875494355168
  0.38075579529944820  0.39147614667270014  0.40232369018066449  0.41318112990272704
  0.42452346931747431  0.43615182300906497  0.44588168121449817  0.45511023170280285
  0.46430066661583447  0.47424433480861816  0.48497063030552134  0.49592843524930069
  0.50677114955878555  0.51756610885590315  0.52831240512058097  0.53879932579217227
  0.54903419202259096  0.55928815335046178  0.56986056109925276  0.58082341408519167
  0.59183968707909895  0.60271956581992325  0.61373121140726528  0.62454838882300201
  0.63502269185050064  0.64545221147296494  0.65497576582665640  0.66403379030918341
  0.67327206599027611  0.68285417217064104  0.69399428903910287  0.70589101386788378
  0.71775540754135103  0.72914875342657126  0.73979510239171864  0.74995006359288396
  0.76009974802101232  0.77083474742296054  0.78207211056043724  0.79322471120505500
  0.80368446313716790  0.81404254479674909  0.82481399857380300  0.83583981406112695
  0.84667134282155387  0.85730311896688516  0.86822470282751318  0.87940762054600441
  0.89088303714315065  0.90260308168247605  0.91388595476934020  0.92394735010824092
  0.93337918248288365  0.94296974390693233  0.95287224138551663  0.96263557807020994
  0.97140714066606937  0.97989308235234862  0.98887612926746205  1.00000000000000000
 -0.00258919468653590  0.01018077779359718  0.02124557401100776  0.03193360589771577
  0.04276208873998440  0.05343102687907442  0.06462084825962967  0.07553368334764402
  0.08656101917531801  0.09680622553862528  0.10552395869536528  0.11416181426373119
  0.12279729905580680  0.13254839746356306  0.14391236152960576  0.15559914562285412
  0.16752455408682984  0.17925489553876045  0.19047462947556545  0.20043155466502788
  0.20998355701574245  0.21870446503907739  0.22748130521978482  0.23638130396299845
  0.24593992955572289  0.25601901555801787  0.26601755376177655  0.27577773020231122
  0.28567963847569844  0.29671467201438323  0.30831790046043372  0.31996645809704100
  0.33111906542429576  0.34191511601946462  0.35310356510288327  0.36434298618472538
  0.37612820807946656  0.38785179956600319  0.39925569517844034  0.41056244860404051
  0.42113431087969805  0.43184543919201962  0.44252213344842090  0.45337642459573357
  0.46398387506011807  0.47377021689711690  0.48364518052076622  0.49346752619760814
  0.50375085220336446  0.51393978165915011  0.52452608069033313  0.53512785628923720
  0.54574513225692067  0.55573349952493545  0.56549652204350065  0.57513564519667260
  0.58509295984070597  0.59617346179490383  0.60725101166654216  0.61742620508993284
  0.62722852911756621  0.63714173632823046  0.64702677657250673  0.65734009862659359
  0.66839272298015362  0.68023593542825345  0.69151759697388338  0.70238337618495705
  0.71388819208721510  0.72596960687810841  0.73720644069949859  0.74791714753386762
  0.75837666046842600  0.76896103263179028  0.77985985196431740  0.79093283151168836
  0.80137680740125239  0.81030464650321232  0.81954659255838946  0.82888799081899966
  0.83895502841410796  0.84978878030759053  0.86075153716961850  0.87160474428768586
  0.88188945629661575  0.89191434121410773  0.90217660440047065  0.91281855316154836
  0.92312474689384283  0.93337892491750618  0.94382907142512462  0.95465721234331202
  0.96577816666600957  0.97656083897372803  0.98803995884454632  1.00000000000000000
 -0.00004227533481631  0.00003859238972532  0.00013156572985589  0.00026835498259363
  0.00039833266019372  0.00051419625919493  0.00060225106817122  0.00065601616386073
  0.00071215197146255  0.00076958409606478  0.00082333327152761  0.00087629739404361
  0.00092576616281772  0.00097543327851467  0.00102591699270669  0.00107795591886565
  0.00113405373489539  0.00119345395058082  0.00125701139532427  0.00132011383906076
  0.00138296674967986  0.00144220585599380  0.00150171706361207  0.00156231727168277
  0.00162369061126017  0.00168614854773187  0.00174329273980325  0.00179772414198979
  0.00185107659905136  0.00190374378627376  0.00195522786094710  0.00200549248521793
  0.00205543856293074  0.00210453211182411  0.00215362566071748  0.00220324038908380
  0.00225285583747474  0.00230435935556585  0.00235706830137736  0.00241044347848339
  0.00246637035826575  0.00252229723804811  0.00258646019778232  0.00265113007214965
  0.00272410747088844  0.00280822413808930  0.00292760060866025  0.00303668414192697
  0.00314611958545481  0.00324682390275276  0.00333838778323846  0.00342533729133746
  0.00351230994169143  0.00360085847898749  0.00369077775268122  0.00378235700707294
  0.00388501054793926  0.00399027439637228  0.00409487422483757  0.00423692032050295
  0.00440847290858060  0.00452361995051446  0.00464127772519146  0.00475434951133950
  0.00486192965558962  0.00502640016097262  0.00519373666948557  0.00534290122834755
  0.00547999311716848  0.00562714765085713  0.00580536439808514  0.00601289457949348
  0.00628358703868434  0.00650628838857372  0.00672768739604510  0.00694968652315272
  0.00740198686032469  0.00765499242177001  0.00784002208778506  0.00800396296115757
  0.00816527214649019  0.00834695244000932  0.00881036619968063  0.00922542679104561
  0.00956799679650368  0.00993759604783782  0.01021801703910497  0.01042607037228379
  0.01063716745377943  0.01095763591319632  0.01155067617928631  0.01184498798340513
  0.01562592363916253  0.01629394473204007  0.12227774781886777  1.00000000000000000
 -0.00110345811238228  0.00770653893664864  0.01599081224692571  0.02394352880774819
  0.03207219085329339  0.04088343827957707  0.04986905383859418  0.05940938131449973
  0.06805169613356656  0.07686021184020836  0.08554988230711250  0.09425043345249326
  0.10290631741675414  0.11164575235503618  0.12081835458482677  0.13071881124669793
  0.14118371501834109  0.15204056819354358  0.16303820453014894  0.17402575759404340
  0.18513233964059420  0.19640627143551784  0.20763983997819041  0.21854291402881559
  0.22947171753264342  0.24091434683102148  0.25309289181080280  0.26617109137456335
  0.27887073202791229  0.29069916773630083  0.30225601185468354  0.31431749863923614
  0.32653934388909434  0.33865255591122179  0.35065696768544263  0.36325005108780428
  0.37477891324948398  0.38369149918784512  0.39162363961094254  0.39986312337616492
  0.40840621818264344  0.41910351459108697  0.43056247370004314  0.44188718301844937
  0.45333316011793484  0.46480965305504601  0.47626245765423508  0.48795305099812930
  0.49977390163810298  0.51121602792821663  0.52273591028210720  0.53449397684327182
  0.54653596305261110  0.55802134022611549  0.56962657811025819  0.58106740579714145
  0.59289396031407693  0.60508917741815926  0.61678233833076124  0.62797253712419199
  0.63891033618494542  0.65055066238550108  0.66304096361843001  0.67598285269181746
  0.68912442715222733  0.70238221757687680  0.71544730301521764  0.72853989885029413
  0.74082806966088921  0.75288062674573930  0.76479877501938398  0.77683814829219489
  0.78854649192691417  0.79972690943312019  0.81057115809658964  0.82150984408367445
  0.83192513721923589  0.84199435505059961  0.85222658815298535  0.86180420903547428
  0.87142543958133978  0.88064701065233697  0.89046018821974537  0.89985529215652904
  0.90908004685222177  0.91735575136445846  0.92497581913460336  0.93253472247393410
  0.94031304528806858  0.94880392890155518  0.95779270257042670  0.96642413755838785
  0.97493050673169124  0.98301853205937817  0.99161210454822291  1.00000000000000000
  0.12065179785681678  0.68824390993634177  0.69918340145330826  0.70635022298412231
  0.70973702000493288  0.71271114355276177  0.71560121233927476  0.71831484505894827
  0.72161289789625893  0.72508858649540620  0.72869590138444662  0.73228178350606898
  0.73546060873061636  0.73861159474310467  0.74157651065635477  0.74485674065930674
  0.74803101436403496  0.75117642679139418  0.75418380936725138  0.75714225906167554
  0.76007329139529811  0.76297755627197528  0.76588636169515434  0.76873740640614252
  0.77157491570998704  0.77446358094170997  0.77748793007523187  0.78049450794224196
  0.78357941431989564  0.78651032947123167  0.78947208450266249  0.79250586847127602
  0.79555851977833125  0.79853364332289334  0.80144630157653318  0.80432569769100426
  0.80738369084263828  0.81056586631976724  0.81378415327930176  0.81692532296873799
  0.81996927108882789  0.82298763044982370  0.82594490280473276  0.82895180387330081
  0.83190543556427887  0.83492395374175710  0.83798970449885912  0.84100188713892177
  0.84407019756629176  0.84706502275245821  0.85011197539779426  0.85310607851245113
  0.85620904128919806  0.85937069456451576  0.86252611024691039  0.86573887584013287
  0.86892720893217001  0.87219956358693196  0.87558237562508279  0.87907917884848097
  0.88257603904138004  0.88605028612432102  0.88944744827811784  0.89275902925614226
  0.89598301302096228  0.89920076041762864  0.90247512129576057  0.90576394757336953
  0.90907497882750754  0.91238902574722824  0.91563981707004272  0.91886122645913193
  0.92207249412763892  0.92533561662380026  0.92872427138622693  0.93217082448854482
  0.93565456042570649  0.93905862157770303  0.94229415523206117  0.94518531161035479
  0.94798393055545083  0.95072214562253055  0.95355941617482509  0.95648803063838861
  0.95951614883731107  0.96283610104114126  0.96621020775539679  0.96952974325037111
  0.97275944486864885  0.97612578045512488  0.97961895837739921  0.98346768605554646
  0.98726155800382498  0.99108580650104516  0.99532981383082342  1.00000000000000000
 -0.02119201989432116  0.13653091219935976  0.17854213259976098  0.20643725695486156
  0.22994114508810848  0.25088577180444738  0.26910815816641009  0.28585729122545284
  0.30097963521014209  0.31504506206752114  0.32841239101348035  0.34115780929262718
  0.35324771525193027  0.36478663984214593  0.37628305900594622  0.38796248097317243
  0.39891864013721223  0.40893916594174246  0.41858722767794782  0.42817214694297173
  0.43756226210637872  0.44654607681931791  0.45532962320527809  0.46408300993303386
  0.47261348682945620  0.48108879593111759  0.48910504636649382  0.49729516442482141
  0.50512691405236365  0.51268270818350847  0.51984749378315531  0.52689743277213463
  0.53416698143464225  0.54154386600559123  0.54862479432200950  0.55537774990274347
  0.56199620138259176  0.56877821311068311  0.57586168229321866  0.58304419745127445
  0.59001086389877089  0.59677261365580636  0.60349994984371835  0.61009893111025792
  0.61658835125970202  0.62304534663060829  0.62936165035727210  0.63563749947606729
  0.64181114495782254  0.64786850005937824  0.65369581676576638  0.65953223806215355
  0.66532049968744322  0.67119452752500575  0.67688767608301537  0.68248281470441075
  0.68805868168008388  0.69356832432305338  0.69905508980097619  0.70467731583518933
  0.71010243149106000  0.71497722346354042  0.71968625786373874  0.72398950920377947
  0.72855403554715692  0.73409180417232511  0.74001221315668053  0.74605625489199090
  0.75198172028969323  0.75810666038859753  0.76364443094010315  0.76902634382851021
  0.77328662453922059  0.77774066478196335  0.78213994510240226  0.78682908353850178
  0.79185330769026985  0.79648338200754454  0.80069183719089010  0.80367084377492648
  0.80637578343090444  0.80921662431658137  0.81239543977174278  0.81623343479790433
  0.82034953685765410  0.82449473983681687  0.82936679799164648  0.83537071985998235
  0.84332386879899335  0.85286466658644866  0.86135669998120556  0.87364037698286745
  0.88492041154108581  0.89263539567392747  0.94631769783696440  1.00000000000000000
   4.2076328117697219E-005  -1.0000000000000000     
 F F F F F F F F F F F F F F F F F F F F F F F F F F F F F F F F F F F F F F F F F F F F F F F F F F F F F F F F F F F F F F F F F F F F F F F F F F F F F F F F F F F F F F F F F F F F F F F F F F F F F F F F F F F F F F F F F F F F F F F F F F F F F F F F
  <DiscreteSampler_grid>
  grouped_processes
  1 # 1 for a reference and 2 for a running grid.
  10 # Attribute 'min_bin_probing_points' of the grid.
  1 # Attribute 'grid_mode' of the grid. 1=='default',2=='initialization'
  0.0000000000000000 # Attribute 'small_contrib_threshold' of the grid.
  0.5000000000000000 # Attribute 'damping_power' of the grid.
 # binID   n_entries weight   weight_sqr   abs_weight
    13   10   2.019419874146218E+003   2.397700069986069E+007   2.019419874146218E+003
    14   10   2.019419874146220E+003   2.397700069986073E+007   2.019419874146220E+003
    16   10   2.664798997696304E+003   4.290154770999116E+007   2.664798997696304E+003
    17   10   2.664798997696306E+003   4.290154770999120E+007   2.664798997696306E+003
    22   10   2.019419874146218E+003   2.397700069986069E+007   2.019419874146218E+003
    23   10   2.019419874146219E+003   2.397700069986071E+007   2.019419874146219E+003
    25   10   2.664798997696303E+003   4.290154770999110E+007   2.664798997696303E+003
    26   10   2.664798997696305E+003   4.290154770999118E+007   2.664798997696305E+003
  </DiscreteSampler_grid>
