  0.00000245960451541  0.00000253320784232  0.00000260427188115  0.00000266954050331
  0.00000273594765675  0.00000280520524834  0.00000288170407711  0.00000295832766249
  0.00000303155188241  0.00000310495621848  0.00000318306747929  0.00000326949242360
  0.00000336700567444  0.00000346339268849  0.00000355911053322  0.00000365344186462
  0.00000374600225238  0.00000384247606799  0.00000394351644358  0.00000404309558524
  0.00000414728189952  0.00000425329358218  0.00000437025593724  0.00000449415670383
  0.00000462235163294  0.00000475238238969  0.00000488275853838  0.00000501627221444
  0.00000515015095651  0.00000529376331948  0.00000543635197622  0.00000558262254932
  0.00000573186663926  0.00000589057113261  0.00000606317059710  0.00000624256554260
  0.00000642342417406  0.00000661267101294  0.00000681125275404  0.00000703721227629
  0.00000727339160845  0.00000751370502918  0.00000775734739730  0.00000801134383270
  0.00000828835918222  0.00000855728358103  0.00000883187772410  0.00000911160785487
  0.00000942221031573  0.00000974323928060  0.00001007361538069  0.00001041938225839
  0.00001080494296837  0.00001123603146532  0.00001167647953971  0.00001211380504339
  0.00001260626672315  0.00001314253290886  0.00001369922219009  0.00001427234134667
  0.00001497567992713  0.00001576245443287  0.00001656809338540  0.00001744454283403
  0.00001841272462671  0.00001938278300743  0.00002068090346261  0.00002204073529543
  0.00002353331829355  0.00002522881381235  0.00002710739309800  0.00002914516585614
  0.00003140958966682  0.00003396645351324  0.00003683515638169  0.00004003636066560
  0.00004392855125276  0.00004853592836602  0.00005423514795074  0.00006125476745307
  0.00006936462725899  0.00007888556423184  0.00009038407615294  0.00010461360115466
  0.00012551312010133  0.00015344503170957  0.00018857206912824  0.00023687544199646
  0.00030537727827318  0.00041877768341010  0.00063499008373054  0.00094372998468209
  0.00147048692937930  0.00308432388520070  0.01281275306689918  1.00000000000000000
 -0.00597866588034874  0.03156054844612789  0.05091431732469226  0.06559156499043528
  0.07878817989975516  0.09053871354365443  0.10110131806825098  0.11135868919454413
  0.12182540947041288  0.13258467557789050  0.14369296660126946  0.15505766588984449
  0.16641318724970883  0.17763602597189662  0.18884325539189978  0.20017926160976141
  0.21141019194320951  0.22266965436106506  0.23398143947608191  0.24512204988453828
  0.25540899460643235  0.26543274137981304  0.27545462449265401  0.28574802446638808
  0.29562626134200687  0.30542953835537251  0.31541862396317089  0.32622920431211050
  0.33746321670152868  0.34873344057649580  0.36029107366054436  0.37162862053254020
  0.38272437145957855  0.39377856498992536  0.40463326104104058  0.41515240077735949
  0.42516259884404956  0.43514404127472561  0.44521179551369772  0.45551283255152364
  0.46600744465228777  0.47558853225362102  0.48501493404421664  0.49426225040212590
  0.50399770677764333  0.51409220990163207  0.52424700517700495  0.53449984984525445
  0.54448554232464574  0.55428648742723075  0.56398240509639341  0.57378125333950369
  0.58377252858269912  0.59344747238467710  0.60313225100364320  0.61363237442047247
  0.62420563270582308  0.63465325448208909  0.64520874000882622  0.65646276874607012
  0.66839031261485382  0.67965150179013989  0.69143350968708184  0.70358440623870311
  0.71592197986073014  0.72821391533207724  0.74032213559399163  0.75183215446829810
  0.76267476509392973  0.77325005905757294  0.78352921904868633  0.79335488125775699
  0.80288496487551753  0.81220010142647214  0.82134943703049845  0.83022488762443269
  0.83887295591390454  0.84763619315464866  0.85670182932312944  0.86613619248688400
  0.87562064156410424  0.88482673729545447  0.89420327945501010  0.90354421441570376
  0.91326514589110430  0.92310375261117650  0.93316874661868876  0.94312490439385421
  0.95250291243360052  0.96085951826623561  0.96854672982016965  0.97604944602322974
  0.98311522984335287  0.98921895202539978  0.99466112646290861  1.00000000000000000
  0.00000255240135066  0.00000339750683287  0.00000406342207285  0.00000449654250350
  0.00000501369593269  0.00000559061073820  0.00000620855979700  0.00000684386997912
  0.00000763224409142  0.00000859920020363  0.00000969824524243  0.00001084185517311
  0.00001200753359131  0.00001319740660785  0.00001443829950074  0.00001578020845776
  0.00001722890014559  0.00001878340093922  0.00002040430933842  0.00002215190214208
  0.00002409285169178  0.00002619104300368  0.00002845093108902  0.00003089937425929
  0.00003377131449169  0.00003692144805718  0.00004030218976424  0.00004392629666613
  0.00004786172195513  0.00005222236866271  0.00005701231248653  0.00006217318393258
  0.00006762621718299  0.00007340478852215  0.00007959900776925  0.00008625529851171
  0.00009335738872427  0.00010108991461848  0.00010955284797744  0.00011858060820025
  0.00012819864905746  0.00013840234857634  0.00014932514001406  0.00016024666914177
  0.00017160441685876  0.00018327120740291  0.00019594513409410  0.00020953034182756
  0.00022399505060220  0.00023949458647685  0.00025580597288291  0.00027356962888972
  0.00029173684486197  0.00031116561972937  0.00033164613449822  0.00035455858311793
  0.00037968076873641  0.00040751271816039  0.00043570740998553  0.00046533773030328
  0.00050029890597025  0.00053725733209369  0.00057528492612983  0.00061612612957268
  0.00066320636406691  0.00071007639457370  0.00075477344242226  0.00079537947664824
  0.00084334589880445  0.00089843414458182  0.00095899993278702  0.00101750725921268
  0.00107706123967598  0.00114379999113246  0.00122346603200201  0.00130554686296485
  0.00138344714161958  0.00145707165733393  0.00152814569929708  0.00160323876691973
  0.00170489270367886  0.00183740601303933  0.00202079074395298  0.00222862923555231
  0.00241499642381989  0.00257586541414780  0.00268686828686796  0.00280247085805794
  0.00292551422729142  0.00306809105348230  0.00322957059299905  0.00347585799711195
  0.00378081360202415  0.00399433512152884  0.00477116384003902  1.00000000000000000
  0.00402246234619820  0.01098720641971037  0.01586857014284569  0.02093583703437190
  0.02729090413833100  0.03423366823087975  0.04121176597672805  0.04853461761943093
  0.05606802548387005  0.06400182179910240  0.07241997105884311  0.08064929222465146
  0.08917136022590931  0.09779446599274352  0.10603504071307289  0.11395373424803160
  0.12203241369397762  0.13074966029646581  0.13998812677555503  0.14918731022682588
  0.15807858995467838  0.16690503442132690  0.17622055985602728  0.18591927638696826
  0.19584718076612825  0.20614765573260196  0.21763737946447995  0.23013002115874678
  0.24270061108393434  0.25540456400445549  0.26843690046467228  0.28149489977007502
  0.29462094252018367  0.30786952299454767  0.32080744128615135  0.33337721097078460
  0.34606517267512865  0.35891374703236301  0.37288276156513867  0.38784537726724300
  0.40252289981484690  0.41702964155730721  0.43201660058184915  0.44524004409765938
  0.45787804696923634  0.47127076726262562  0.48513403751235074  0.49964398288215178
  0.51612753458517791  0.53138347375941897  0.54515444104950495  0.55863336538630515
  0.57225770156191391  0.58624420499120811  0.60039308428905447  0.61408345937252873
  0.62726499205125519  0.64051301003308947  0.65401315798870319  0.66725838287007699
  0.67944942461435043  0.69131875676227594  0.70308108012041626  0.71496557294942642
  0.72660503408579880  0.73811646560196786  0.74912682445681544  0.76026000816911476
  0.77164983121040043  0.78328545176254283  0.79426524777548102  0.80529817108308066
  0.81608551712548505  0.82695440382454255  0.83674480795759898  0.84564089585104474
  0.85430046674504567  0.86349699457887696  0.87266419061865630  0.88165099691381132
  0.89040432848330642  0.89959058238833634  0.90918126640154706  0.91876942292010255
  0.92707113875515823  0.93496091091758804  0.94172169349489154  0.94843167715725774
  0.95503236417513770  0.96138080283191030  0.96777314995248886  0.97429112399968720
  0.98096388481643770  0.98750125693972024  0.99372314935746664  1.00000000000000000
 -0.00268464080036453  0.01125300653553330  0.02249790395069001  0.03348194976557701
  0.04416177233980662  0.05551683475437789  0.06691626555239218  0.07745941655020820
  0.08708818916430991  0.09617221911085459  0.10570910780391170  0.11486891248690587
  0.12420501731844294  0.13313559525097379  0.14268191759119081  0.15180042505271543
  0.16097822117705030  0.17010293596840620  0.17976646770841889  0.18935631889635191
  0.19891080199974648  0.20839013869165551  0.21837013705535641  0.22880222692943986
  0.23900595765186602  0.24948329510653686  0.26029846753175045  0.27130915927923199
  0.28194148459643253  0.29226376200352649  0.30231993508119909  0.31212545943275738
  0.32177070351349041  0.33158214225159188  0.34190762635626226  0.35253315949363734
  0.36347135602138125  0.37499161228810662  0.38708221170703483  0.39900729708296728
  0.41017127147644283  0.42142589320316848  0.43295955626056326  0.44439876633893155
  0.45519446797174684  0.46662294288654416  0.47810577536515980  0.48869691371795310
  0.49926910417224390  0.50976364224688697  0.52119339181273472  0.53112029467110633
  0.54136772634038866  0.55173549866914051  0.56211516103344361  0.57206444303512138
  0.58202250844722170  0.59247832005583556  0.60338456654475259  0.61353069192863752
  0.62313727263103402  0.63280148294161120  0.64287140186032166  0.65337403757199675
  0.66397440029680777  0.67453983264338124  0.68572028294623855  0.69709606459443008
  0.70876706935984890  0.72010212102325166  0.73137223820312203  0.74240144430201227
  0.75356167453825784  0.76468673618357297  0.77550969806648717  0.78576262079274528
  0.79602058783542340  0.80570764754452462  0.81575909500497212  0.82644805074316441
  0.83765936635874150  0.84804844759868703  0.85825671410508841  0.86915565958610008
  0.87998327317106295  0.89055648609127025  0.90143174943664917  0.91340178785840531
  0.92453674506329331  0.93539552739234266  0.94625889972226729  0.95749040354907755
  0.96753023240047364  0.97780900663858794  0.98848228619397660  1.00000000000000000
 -0.00131349747047047  0.00880602867888749  0.01854527348515756  0.02815985723763218
  0.03826751065564982  0.04895307912451147  0.05964222784809716  0.07053211695583951
  0.08126386167368237  0.09298888619363332  0.10566263991772111  0.11871950993467670
  0.13194462603009638  0.14359014830941363  0.15447895397319070  0.16476937594957730
  0.17693612245253210  0.18933002786235528  0.20195650914441823  0.21438880637932534
  0.22728011751868191  0.23937492555252704  0.25103226795759798  0.26307530716931199
  0.27507670283687485  0.28717955233399900  0.29965721570650250  0.31295879859352582
  0.32579183374091680  0.33849930479221751  0.35110301024051804  0.36396149601042482
  0.37659568507231894  0.38888402573254033  0.40111497076534069  0.41356319441956862
  0.42543501835305214  0.43699070377797261  0.44864404917216488  0.46047868984288959
  0.47266279483446599  0.48427066203244173  0.49645776763641541  0.50849176118894324
  0.52089421550679615  0.53329832936570754  0.54624242396546940  0.55909463173612550
  0.57066027063669800  0.58222151774191955  0.59431078845292717  0.60635015710844842
  0.61750298297225426  0.62906515727634138  0.64053908062771758  0.65136843244735709
  0.66170666701466652  0.67249634061673758  0.68381513112492875  0.69478359686277702
  0.70527690405520416  0.71567306279432497  0.72590651164737063  0.73593514856113773
  0.74591906005478725  0.75584161971133490  0.76502017925223897  0.77427170386596078
  0.78396382932755426  0.79350048712539278  0.80292898204021224  0.81241988684755539
  0.82177771069419980  0.83116847361064539  0.84029564378489074  0.84934000002157084
  0.85781434558701153  0.86556329149426314  0.87313507928216449  0.88096833402991548
  0.88938736535687068  0.89797633282882250  0.90597874814652946  0.91377844762873517
  0.92190035571838147  0.93014085365352739  0.93806793217953399  0.94545385440208829
  0.95257545993499559  0.95989931098145431  0.96691003063733794  0.97393089262492816
  0.98095352646796408  0.98733992022153838  0.99375845264209639  1.00000000000000000
 -0.00244224239240075  0.01165192063874823  0.02315767962934785  0.03386527867299606
  0.04368591190622222  0.05315180420830341  0.06253965826098230  0.07185201311347461
  0.08124278863969793  0.09084997883401308  0.10094205714262668  0.11126380031948896
  0.12202756056149056  0.13370849626068393  0.14576422827662527  0.15736524262376661
  0.16833670708713236  0.17820391688283313  0.18883094704789494  0.19945122976451571
  0.21054239102315725  0.22039364981879780  0.23026734974611823  0.23954742419964312
  0.24941661650425509  0.26013970261007346  0.27143790638783782  0.28307716239529951
  0.29442656856254890  0.30536224731621026  0.31587924885895224  0.32652607276459061
  0.33698354208903109  0.34749740084363101  0.35834593232171491  0.36919953445175480
  0.38013966142814515  0.39073705396607289  0.40088461010771403  0.41068041282376733
  0.42000699877880909  0.42922671863082662  0.43846850217096367  0.44766642805358825
  0.45733158708861799  0.46753864335115225  0.47826951611399376  0.48931329265701801
  0.50082742276174408  0.51259206461950935  0.52409307145972162  0.53517625695114468
  0.54542981431348025  0.55487953639697130  0.56424825115459143  0.57410166924469042
  0.58444451652905927  0.59477851168404106  0.60511805821046372  0.61584470219102816
  0.62656170355814456  0.63707788039547808  0.64698470878628289  0.65675397817518910
  0.66643294139250797  0.67659098333995071  0.68637282174849801  0.69588603493420709
  0.70521580810367435  0.71507805886869014  0.72522148367622075  0.73589401909059082
  0.74672013937264448  0.75763446698319314  0.76879609059970577  0.78002659242864625
  0.79151499534398240  0.80287994966542009  0.81401477345151874  0.82520108009568904
  0.83647243039625030  0.84782688905421100  0.85902560707802900  0.87012487640601988
  0.88142710872283059  0.89304784779467816  0.90491036108302048  0.91617097641160172
  0.92627077562479854  0.93620524034194053  0.94647859413442836  0.95681078028338229
  0.96727272991273083  0.97748795331791449  0.98894584542597819  1.00000000000000000
 -0.00195621419040789  0.01054384269386709  0.02126158975608543  0.03199437658248908
  0.04260237351654717  0.05329319051639986  0.06344524523009375  0.07341732012358612
  0.08376507533751171  0.09467245744705931  0.10612809287991783  0.11778314570934344
  0.12897736410581559  0.14006410572396424  0.15108183659188548  0.16207226930403984
  0.17227306108348719  0.18202814517296545  0.19200872852340237  0.20213307100806574
  0.21213884877208999  0.22197312709064493  0.23240628340407402  0.24420549715575815
  0.25538081544054814  0.26606571217745262  0.27624697802883819  0.28617771106102863
  0.29607625608648053  0.30568243317604682  0.31578182921346487  0.32680919983369711
  0.33841034219202648  0.35020271192057656  0.36176704871363780  0.37353610014048361
  0.38583014954916295  0.39798935527834822  0.40937331951925332  0.42051982821951911
  0.43157537746327473  0.44208809214090572  0.45238580315703208  0.46277290320331949
  0.47352324886185632  0.48418785001492654  0.49511310272624537  0.50643627332964369
  0.51745435649460025  0.52785278580963346  0.53777427737825256  0.54735552541907784
  0.55696790140050811  0.56700331319209563  0.57779591862326540  0.58855961689847813
  0.59854899960724117  0.60839444907113138  0.61806174769179256  0.62758249267497601
  0.63680498119946438  0.64632135749204045  0.65667026252797323  0.66782443767520150
  0.67922183159875549  0.69046782320817868  0.70164623609605159  0.71266234903027792
  0.72340437560392457  0.73385235256705561  0.74397495657264823  0.75425006043816711
  0.76461168934647950  0.77491782408879428  0.78496362504526496  0.79499809287894574
  0.80533907373830238  0.81547269391417032  0.82563479205624757  0.83590706018747229
  0.84627717566753302  0.85657853931437278  0.86678286056228826  0.87726374345549729
  0.88839709219035135  0.89965044009017792  0.91023798018371582  0.92082740171737820
  0.93127356455220567  0.94169755670856081  0.95215245391191738  0.96214105935238825
  0.97162569578271019  0.98095990678171252  0.99029891917267332  1.00000000000000000
  0.02444024425565249  0.56379074723050726  0.67960653089750733  0.71914755212297221
  0.73347223253717664  0.74311736903186776  0.75119811170064676  0.75757968070687975
  0.76316602026841518  0.76866582874005174  0.77336340333944698  0.77747997662261936
  0.78172124501717444  0.78596053196269022  0.79015843490164062  0.79398678662506239
  0.79762822930721211  0.80136072274331149  0.80526552165199727  0.80874678281484746
  0.81190007267245878  0.81501682453763846  0.81832325862294009  0.82202328815213277
  0.82552962082114467  0.82868664980204165  0.83166454511228305  0.83454683317306333
  0.83746135298418778  0.84034679510889410  0.84318174366186627  0.84606738429806561
  0.84882608467937448  0.85159501714117192  0.85435934544140724  0.85702344675220532
  0.85959868178702148  0.86222320787615081  0.86495406641886130  0.86771869808357671
  0.87045722988514374  0.87313611093001886  0.87565228878771129  0.87810509468064613
  0.88053449497947145  0.88304882690038911  0.88560020348449098  0.88813384740232926
  0.89057610208149163  0.89294733695703943  0.89524304368319585  0.89742224859575837
  0.89958159122913472  0.90172308476121321  0.90383678146616453  0.90593927850994405
  0.90805860730843369  0.91022146801710868  0.91242468282573364  0.91462218463501421
  0.91674650677426228  0.91879493395009393  0.92083111430448406  0.92292646554506341
  0.92503477559191705  0.92711491800230839  0.92918877398150757  0.93130821358291482
  0.93346866008644669  0.93562149037637565  0.93776286947852194  0.93989028354214355
  0.94203323186371302  0.94416472140099716  0.94626882400333834  0.94839774530861720
  0.95051072093184441  0.95261783777830156  0.95473438540157030  0.95687820985330441
  0.95913330690051501  0.96146464553615518  0.96381007061649426  0.96614005092134381
  0.96841708580912678  0.97075298062046023  0.97311595971436682  0.97544932806040963
  0.97780129392451542  0.98023552607340225  0.98277723624991564  0.98547204844895031
  0.98835710071378491  0.99154055664100527  0.99529223439459280  1.00000000000000000
 -0.00450939449630668  0.12467222225106458  0.14972121977305733  0.16574188453653388
  0.18202081106574650  0.19966078722522296  0.21789091569212585  0.23690511034041511
  0.25500383684580796  0.27095494480165916  0.28573297011297238  0.30031947578528972
  0.31427124272715934  0.32660210994463484  0.33857041517631870  0.34969690581127116
  0.36003035596913224  0.37008176215634947  0.37983853030115189  0.38935396740963257
  0.39914353731306640  0.40969229617107494  0.42019214435200786  0.42993651035120095
  0.43899299941958791  0.44779046240476328  0.45652415330287793  0.46513615303082456
  0.47353729383529175  0.48195604748310683  0.49001642663501338  0.49814376382663922
  0.50646767327226161  0.51487069387787832  0.52282065258674681  0.53031528363677816
  0.53742972164704272  0.54440331309324963  0.55137681626159940  0.55850587601457957
  0.56537153897291892  0.57200325302891186  0.57853680876537905  0.58495426144821072
  0.59118339299038092  0.59731924110942980  0.60349375578610698  0.60963245033074631
  0.61572655225554418  0.62172416212142967  0.62772766564379290  0.63349334957405667
  0.63912569711382228  0.64482665123714866  0.65088265537307555  0.65705696583682505
  0.66322925950623057  0.66926625402846018  0.67512432374016307  0.68086338417154735
  0.68652225270053480  0.69217526252814798  0.69795438350300876  0.70392826009216536
  0.70990369479289828  0.71552890608138742  0.72107385935870127  0.72659899885949963
  0.73234436498416167  0.73825347086102533  0.74419625893890373  0.75027741662286729
  0.75642343928542199  0.76245385056770520  0.76847127754192346  0.77427932507871944
  0.77978737260948894  0.78533522161524094  0.79097914063149743  0.79663788364245292
  0.80254293695736112  0.80814130518799054  0.81350188763321352  0.81879256037109083
  0.82421291907817840  0.83019995893356346  0.83698637710485169  0.84427760736725688
  0.85144898686934234  0.85989666678047938  0.86861823900667567  0.87835472719964480
  0.88924422623057375  0.90585367610860879  0.93829915386571305  1.00000000000000000
   6.3128080956031967E-005  -1.0000000000000000     
 F F F F F F F F F F F F F F F F F F F F F F F F F F F F F F F F F F F F F F F F F F F F F F F F F F F F F F F F F F F F F F F F F F F F F F F F F F F F F F F F F F F F F F F F F F F F F F F F F F F F F F F F F F F F F F F F F F F F F F F F F F F F F F F F
  <DiscreteSampler_grid>
  grouped_processes
  1 # 1 for a reference and 2 for a running grid.
  10 # Attribute 'min_bin_probing_points' of the grid.
  1 # Attribute 'grid_mode' of the grid. 1=='default',2=='initialization'
  0.0000000000000000 # Attribute 'small_contrib_threshold' of the grid.
  0.5000000000000000 # Attribute 'damping_power' of the grid.
 # binID   n_entries weight   weight_sqr   abs_weight
    13   10   6.804411227106350E+003   3.979471583267719E+008   6.804411227106350E+003
    14   10   6.804411227106352E+003   3.979471583267724E+008   6.804411227106352E+003
    16   10   9.474899502460152E+003   7.837605621673878E+008   9.474899502460152E+003
    17   10   9.474899502460161E+003   7.837605621673895E+008   9.474899502460161E+003
  </DiscreteSampler_grid>
