 -0.00254494077182839  0.01075085168447714  0.02103430075828752  0.03136099545067585
  0.04126107410944893  0.05139780951196061  0.06138907320138846  0.07175839534120960
  0.08211693136780153  0.09305306132659213  0.10438544710719687  0.11519093837938671
  0.12554152933598325  0.13577387720927367  0.14626100138850964  0.15696959804745445
  0.16756889858681789  0.17784574388116689  0.18783223033727578  0.19791181318130532
  0.20798558846672666  0.21809695937503654  0.22807043541539834  0.23807418696287491
  0.24786936299136267  0.25761558713005328  0.26736507173417223  0.27756042149347226
  0.28792667741420808  0.29836501435749407  0.30883243794985243  0.31906316724697509
  0.32921977923752133  0.33941347688882523  0.34946163471759506  0.35939976952422353
  0.36901085988186988  0.37885263480660830  0.38887190717154924  0.39877122353221744
  0.40888631989544483  0.41930575927112046  0.43042856731623574  0.44198031499292728
  0.45337064326802373  0.46479857332546198  0.47612409251650500  0.48703310430807578
  0.49772843766552688  0.50821704982977955  0.51875374033338539  0.52947607669527819
  0.54038703851514180  0.55175275419389835  0.56314405791153543  0.57417167114378287
  0.58501026219056895  0.59589823017990085  0.60695896368711222  0.61789028582177086
  0.62853291252049648  0.63882919274893413  0.64889791865326307  0.65912090188134753
  0.66971913222506030  0.68065267458156020  0.69136580440823814  0.70209095328937066
  0.71280555322937289  0.72386171737380001  0.73520472930675074  0.74645118649308229
  0.75763063719251245  0.76862552281426477  0.77928609107420621  0.78952479059075509
  0.79936323796864162  0.80907954399197168  0.81892643330297643  0.82892138361325340
  0.83913658713713069  0.84955664022809274  0.85983967445434162  0.87003398812138344
  0.88025620392604587  0.89094367696969046  0.90136112004680446  0.91167589483278189
  0.92192235509478959  0.93253356625180017  0.94315083571321001  0.95414108197420311
  0.96515957937535923  0.97681017337259668  0.98814985059875460  1.00000000000000000
  0.00001116014609110  0.00002804944154279  0.00003946079798268  0.00004455751607185
  0.00004966318470078  0.00005600141883019  0.00006606320097394  0.00007531720715630
  0.00008335714845210  0.00009083192607563  0.00009793530761920  0.00010481230777630
  0.00011165853095323  0.00011843238840658  0.00012513713114382  0.00013183872742932
  0.00013863905525823  0.00014545882482230  0.00015222566341669  0.00015917886617708
  0.00016639904025759  0.00017365933184177  0.00018089743543761  0.00018833191105451
  0.00019635267708487  0.00020451034187063  0.00021261252400474  0.00022083856021945
  0.00022907045801489  0.00023853768139293  0.00024798729837861  0.00025738028102694
  0.00026683316802309  0.00027663756659457  0.00028701346438227  0.00029768881041838
  0.00030844479920532  0.00031921815312700  0.00033002344660717  0.00034263666558118
  0.00035578434235716  0.00036906481576403  0.00038255230333940  0.00039623572406865
  0.00041010211847748  0.00042589845035464  0.00044185562873954  0.00045767400810602
  0.00047333687419714  0.00048932128999867  0.00050640587835209  0.00052442226145785
  0.00054273583905896  0.00056064423759634  0.00057937121669438  0.00060027318131025
  0.00062332419576657  0.00064722872898069  0.00067113728941509  0.00069415276413537
  0.00071855128464575  0.00074763392620855  0.00077876879724630  0.00081139696999443
  0.00084255685454558  0.00087558015833579  0.00091150293529781  0.00094903186888314
  0.00098722093091157  0.00102384661687764  0.00106538810471402  0.00111090304019007
  0.00116127376815735  0.00122814253035410  0.00129967743835434  0.00136769172912772
  0.00143165730446617  0.00149474604955162  0.00155894912419499  0.00162606212595370
  0.00168753273351463  0.00175161986513804  0.00182096340849279  0.00190127568310913
  0.00203388014137481  0.00217613452584264  0.00232724592845327  0.00251323296546956
  0.00275372053064603  0.00304395665606805  0.00334267036994428  0.00372672351669010
  0.00421372667169199  0.00486052731822647  0.01455900898283243  1.00000000000000000
  0.00000241358274087  0.00000273434172982  0.00000288116495416  0.00000302722999522
  0.00000317544335536  0.00000333140085975  0.00000349793206560  0.00000367394307612
  0.00000385842741523  0.00000405846205758  0.00000425171602263  0.00000446652325702
  0.00000468190445495  0.00000489987302637  0.00000513110009126  0.00000538158227910
  0.00000564804509060  0.00000592745271411  0.00000623582038595  0.00000654831454664
  0.00000688649033398  0.00000723843004935  0.00000760315706298  0.00000798307774685
  0.00000839839082535  0.00000884601622958  0.00000931685127818  0.00000982947985532
  0.00001037045843765  0.00001093425517171  0.00001154978441483  0.00001216087145137
  0.00001284739033511  0.00001355906551741  0.00001431561317686  0.00001512381183249
  0.00001597173673159  0.00001685869095699  0.00001780235769535  0.00001880765646769
  0.00001986498144427  0.00002099846993679  0.00002219499611532  0.00002342819676970
  0.00002475256704570  0.00002606444928941  0.00002759475805685  0.00002916789545711
  0.00003086906586270  0.00003270132895406  0.00003462423435539  0.00003672558199837
  0.00003901838111930  0.00004145015965567  0.00004407133831843  0.00004680802766820
  0.00004962752205670  0.00005273278737173  0.00005599825056099  0.00005973882058102
  0.00006372195291312  0.00006786227398277  0.00007232081867186  0.00007660386190395
  0.00008169569209076  0.00008670523211774  0.00009279740607516  0.00009943064847104
  0.00010675680092949  0.00011460577561860  0.00012300974273002  0.00013221469270192
  0.00014224783669865  0.00015369743583376  0.00016607892379352  0.00018023845659044
  0.00019468066428863  0.00021110112649195  0.00022996372854707  0.00025206806174398
  0.00027794672508135  0.00030666349385431  0.00034217012802520  0.00038515801209294
  0.00043851185617250  0.00050123392113227  0.00057432469777586  0.00067290227075939
  0.00080483094674524  0.00096677583641170  0.00117704780967734  0.00154667431313371
  0.00206155197528049  0.00367409516706194  0.04662602748513692  1.00000000000000000
 -0.00256262579611887  0.01112599620780545  0.02184728211964973  0.03282394937723540
  0.04387234869733030  0.05496729902922887  0.06608729369487207  0.07700135343951328
  0.08824978140739219  0.09917015313413845  0.11043013049880637  0.12195582935429346
  0.13333582993837770  0.14452492491662455  0.15547349979723502  0.16643297595833670
  0.17718257621067229  0.18770430879655511  0.19804336890527191  0.20824830537865544
  0.21869962204397744  0.22906958602041327  0.23947063397104135  0.24945759936875717
  0.25961339912044534  0.26977685023543896  0.27979785283829295  0.28983601540690324
  0.29993773929487272  0.31045381644100511  0.32068520977914250  0.33137308240371033
  0.34170372643935981  0.35204854459621793  0.36249976762370839  0.37335197932456660
  0.38410986031078220  0.39461011432593390  0.40499215386107623  0.41551883366839798
  0.42620623210901804  0.43700568884365804  0.44733601990863520  0.45736547730444782
  0.46756785226571146  0.47780928811736390  0.48818088513656205  0.49806772105421521
  0.50810983668672050  0.51830756831051561  0.52881187931861406  0.53950146499275031
  0.55004685729949543  0.56026248034241366  0.57021500846142392  0.58024689600189727
  0.59040707461226993  0.60049913172792724  0.61054156300152473  0.62062904296635268
  0.63082965621552511  0.64127426251152164  0.65141860766801618  0.66175676222430435
  0.67158729334780909  0.68138941772240702  0.69087745283412172  0.70068896674389958
  0.71071294630589543  0.72076094415020897  0.73054078689930924  0.74012497589809090
  0.74986498993886974  0.75983104275199975  0.77005019416969034  0.78010071926628655
  0.79011028001749206  0.80022954964552429  0.81097660870673682  0.82202925246689662
  0.83315994224987755  0.84440949223933282  0.85570793592861960  0.86730949872304020
  0.87842843177158347  0.88925561166115685  0.90008915773006393  0.91083241843104901
  0.92156926340702727  0.93233050081936253  0.94320695738705662  0.95434169343312314
  0.96580995094618283  0.97714910279033296  0.98864605608492440  1.00000000000000000
 -0.00207341470389996  0.00975139242024391  0.02010335289824014  0.03113800880173344
  0.04238783988431677  0.05365518179688122  0.06442834854694421  0.07532032925433962
  0.08592126636684005  0.09650717265745812  0.10663093708557103  0.11727421337251526
  0.12769181699012788  0.13766323516904763  0.14772684449306039  0.15783901103898670
  0.16834807363225265  0.17814020049180057  0.18771056685660173  0.19810125963129360
  0.20868082385483663  0.22023387949429873  0.23125590195668641  0.24231367417284644
  0.25289090829023125  0.26360719463501764  0.27403479092619337  0.28409451248250489
  0.29410676781431433  0.30453150172757504  0.31523369718035738  0.32599074492884345
  0.33653894983634597  0.34690847447003970  0.35715782907745242  0.36739640450893130
  0.37793556444185489  0.38876205898310728  0.39976697520078919  0.41096208682739682
  0.42176012537326646  0.43269464759814180  0.44330929187610107  0.45420915416385155
  0.46493713604946579  0.47567456930493135  0.48599546421368084  0.49669249803814525
  0.50749990670057221  0.51875264195384618  0.52962929470213005  0.54047971468457545
  0.55128584431447225  0.56188970667164206  0.57251506915193973  0.58306964763141711
  0.59410637634414443  0.60510248131356648  0.61616052131266985  0.62701646805757105
  0.63726245388982672  0.64720743600309216  0.65689856852970419  0.66664138790838767
  0.67630526641359512  0.68600052324784866  0.69623614547908208  0.70659819766420195
  0.71702644033169893  0.72746241467760830  0.73814219843872841  0.74883246717286511
  0.75933858140115562  0.76963804444177053  0.77997350439995672  0.79054071104918089
  0.80135749897805919  0.81210535889070257  0.82257032839441668  0.83302949011498573
  0.84378365093937779  0.85473125271796657  0.86552767238635275  0.87602437875877714
  0.88621278110273494  0.89641930666040814  0.90651003881873771  0.91668878937128762
  0.92692975859945814  0.93681640343448258  0.94732128758033096  0.95769204030700694
  0.96809416020139927  0.97856215614081843  0.98906826423287153  1.00000000000000000
 -0.00303118205315703  0.01332852615891778  0.02675218232339208  0.03929852073745906
  0.05199063935656809  0.06449886879895154  0.07715284220964998  0.08955200010193182
  0.10173231727037048  0.11351301952425545  0.12524751960615868  0.13726223676015764
  0.14924712793539002  0.16131140069822902  0.17375405223334509  0.18661003733602916
  0.19922111697649439  0.21158816850195572  0.22405560009344205  0.23665168763655739
  0.24933751950664154  0.26207198392993997  0.27501502135170752  0.28804437345143091
  0.30095374291242516  0.31375323545359513  0.32680812216783167  0.33976355537510006
  0.35249589710693718  0.36483909392112607  0.37727395640642364  0.38969776240859400
  0.40206007655487569  0.41444876090202715  0.42700672902372511  0.43941864582027429
  0.45145168386414536  0.46346733568153342  0.47566260247524533  0.48765466486663139
  0.49963009092156579  0.51169439645839254  0.52364185089669057  0.53529301242021154
  0.54697024029825025  0.55858455598254630  0.57034047706389424  0.58201034951293329
  0.59366675528893820  0.60500596966964015  0.61630170461219458  0.62759548092629502
  0.63871830000193786  0.64968930597227115  0.66059380299872894  0.67140116829828378
  0.68224667042362985  0.69312749196475232  0.70412253079265463  0.71489864730622210
  0.72547101898145971  0.73581313435881801  0.74585249960700117  0.75546552642026865
  0.76483750484519797  0.77416118084955321  0.78366577378257651  0.79328427419957637
  0.80295098150647271  0.81270680407889329  0.82234524506645346  0.83151458278095980
  0.83992463424924924  0.84811623669244274  0.85623870803286217  0.86427482923428722
  0.87228894097360710  0.88015339951143390  0.88784568425779431  0.89551872105063823
  0.90312811322014797  0.91055405405035850  0.91770209602299424  0.92470085382848410
  0.93179170695081337  0.93875383577423877  0.94532092408542978  0.95155809389336998
  0.95788455633907932  0.96420920791136666  0.97051980093498691  0.97676028876736742
  0.98274211771863185  0.98850225100049960  0.99425122750900041  1.00000000000000000
 -0.00266027164100730  0.00990252968536147  0.02041983557114144  0.03129730016983356
  0.04231700177974185  0.05315608999860008  0.06339959537244853  0.07363551405402287
  0.08361593573262316  0.09392453231471611  0.10397662264443437  0.11446526451782485
  0.12501656915727338  0.13596636532884238  0.14728891869299754  0.15934867045827245
  0.17144356989728127  0.18278278378230747  0.19357155266158524  0.20401526778581119
  0.21475140157865480  0.22570094061509946  0.23654675609940440  0.24712843530477011
  0.25733199692355357  0.26775910142327208  0.27799400450175715  0.28815444282539743
  0.29825115621495379  0.30859930739072178  0.31894918795469479  0.32979277854325811
  0.34114135567880738  0.35260475313725154  0.36320498780726251  0.37344500795355362
  0.38370031029891960  0.39389288253136417  0.40407476203604842  0.41446602132467186
  0.42508490519564834  0.43589527151784507  0.44662123367572376  0.45733774956919920
  0.46802143385834760  0.47858216708293810  0.48910385198611389  0.49940919932685801
  0.50967274546273433  0.51991549729731468  0.53009050395900037  0.54018519820646438
  0.55068067997325931  0.56102630834691614  0.57122310728923320  0.58101758614536214
  0.59119643564528734  0.60162425357520988  0.61191223333447231  0.62208657915835863
  0.63194964820776001  0.64186593396819169  0.65179887296749917  0.66156924672463802
  0.67149921936550416  0.68166016044741107  0.69210358603852262  0.70268298859550493
  0.71314755947135477  0.72395941929428842  0.73469070896084754  0.74524668472190592
  0.75578721000238425  0.76619705369409041  0.77690344423173219  0.78781166282952009
  0.79879443944598927  0.80970401646193879  0.82021353444419154  0.83084477160459891
  0.84137840470414904  0.85174731690601946  0.86195794459903008  0.87205971976883989
  0.88241100929906646  0.89287164446027811  0.90353149538680644  0.91452001113890935
  0.92522734513606153  0.93573288115051068  0.94580216781512205  0.95580854620912847
  0.96632175968391332  0.97696287658492076  0.98831393209735818  1.00000000000000000
 -0.00197908681546106  0.01041446049637656  0.02127554056313834  0.03183583164073533
  0.04242796118757680  0.05268187666146582  0.06290187792017568  0.07299695729938384
  0.08304749452127501  0.09377805193217516  0.10406857633382438  0.11487402846875752
  0.12551918578634996  0.13668611882753495  0.14742042825526125  0.15770905265628271
  0.16795352521911663  0.17808629650962279  0.18784307036598227  0.19789287528496727
  0.20787426433457529  0.21799902485342854  0.22806035743045822  0.23851179164991321
  0.24943878893905261  0.26026032033466334  0.27078926644650242  0.28089589006474719
  0.29087140909051434  0.30090275127581850  0.31106740466211624  0.32148095649254371
  0.33224777321758914  0.34338648790513654  0.35469561975441116  0.36585864042454808
  0.37727801546373158  0.38852259775368886  0.40008858159254301  0.41138163390787175
  0.42188555182093995  0.43226399238814966  0.44255384190746500  0.45362107897178644
  0.46431608479884573  0.47457202829830492  0.48451074480414558  0.49406422356613816
  0.50390211865755563  0.51348660764671539  0.52333707994882783  0.53346226159071219
  0.54396895414722268  0.55504111111342225  0.56608869599087797  0.57719004416982989
  0.58782446601370197  0.59805142512286580  0.60816338636966016  0.61845097382408520
  0.62884546572602162  0.63942979145829748  0.64995012288541143  0.66056788076364226
  0.67102236174754637  0.68126316455559677  0.69149642620898766  0.70171439248772649
  0.71201758171613139  0.72249906209343262  0.73311739375704965  0.74363924750684662
  0.75398606414537817  0.76420446853155921  0.77496504152367163  0.78506448480774238
  0.79523873145598767  0.80537865929690811  0.81584302852839174  0.82615759602529637
  0.83662021751265037  0.84737415905800906  0.85834679390603685  0.86912636610355898
  0.88052276586481515  0.89257875385837093  0.90403260788445527  0.91508303479946584
  0.92578611528805743  0.93678065545942935  0.94754582783518548  0.95826703757208176
  0.96880066136782961  0.97938081462815352  0.98967654682505846  1.00000000000000000
  0.11053933965496272  0.67942036240023218  0.69656627801317950  0.70359755435996829
  0.70939601656236773  0.71613832985089321  0.72191204960198729  0.72708906241550719
  0.73163749986768778  0.73595788882235158  0.74026293710318580  0.74451367607573427
  0.74872911090716754  0.75283564060449393  0.75687293887931950  0.76089684503869803
  0.76489371450609922  0.76884266635430809  0.77268363223627601  0.77649699818576812
  0.78037893764095634  0.78433004803349415  0.78827380804057823  0.79207845503277008
  0.79573677159577161  0.79933837735556279  0.80291087637213887  0.80646216361972367
  0.81000214098476253  0.81342507133502251  0.81666678562165806  0.81982477218316874
  0.82286566380554904  0.82593389579398957  0.82907722899739056  0.83210522246103846
  0.83511743724761422  0.83810833195952572  0.84102649442198718  0.84394265362806686
  0.84688728119671541  0.84987025830611451  0.85288166265717191  0.85584333519910571
  0.85883004397926244  0.86176459274853279  0.86460862188074339  0.86750003758136240
  0.87043277142068531  0.87335916690620108  0.87624890226665364  0.87905961568016044
  0.88177232427655994  0.88442787197296169  0.88705566487316401  0.88966499122494602
  0.89229790424331246  0.89494861388652003  0.89756796490901847  0.90017116384087237
  0.90279705271599198  0.90541194855631468  0.90800625710814553  0.91055681149993595
  0.91298080323107744  0.91540621573335068  0.91778850969392756  0.92019677383801624
  0.92262413593224413  0.92509864556352051  0.92763389445616951  0.93018209737980506
  0.93270897241412543  0.93522168562213281  0.93772882471078611  0.94022640892929377
  0.94273548660483120  0.94530827145560636  0.94781742254963475  0.95030633324765545
  0.95279572032383297  0.95527334873789838  0.95774219843484887  0.96034714930363807
  0.96302788607815726  0.96570051483189157  0.96841548070813743  0.97116106078964670
  0.97394837383400135  0.97674556734344753  0.97969451642729855  0.98291137699650488
  0.98635827437862333  0.99014157049096230  0.99462458571855283  1.00000000000000000
  0.00069184956512412  0.12271267939820311  0.15570918429770003  0.17619111981732144
  0.19290155458790809  0.20758674238053434  0.22086505580386051  0.23279982726346790
  0.24390123916843537  0.25462011745178037  0.26470990009756834  0.27423975646949866
  0.28337295891385150  0.29220447788398651  0.30041406356425054  0.30849146881010409
  0.31609600653891817  0.32359831065394240  0.33101019560900191  0.33825050838320087
  0.34528254628727173  0.35215444411040481  0.35895827249579065  0.36579119965220669
  0.37250707148081813  0.37926521486193593  0.38590656458073119  0.39236755261952072
  0.39859003728439302  0.40460804251008864  0.41041598873077734  0.41607585072431219
  0.42165731822464880  0.42723533055397211  0.43301595012241501  0.43893206534357532
  0.44485538791170642  0.45078044943428441  0.45668042972367773  0.46260773721018844
  0.46847285637247155  0.47414925994294865  0.47975208718204571  0.48541895160317922
  0.49118837696855366  0.49699308647415835  0.50271683001336254  0.50834312018356065
  0.51406295899379373  0.52001076793243406  0.52610997673555460  0.53243624797187605
  0.53840904492064445  0.54425064544737889  0.55003861507519902  0.55584749901219843
  0.56176814159117683  0.56775941289406340  0.57378155120502761  0.57977297612883161
  0.58576609288323445  0.59182336337394370  0.59802665360712204  0.60435854123199384
  0.61068504087933040  0.61693796101691734  0.62316089335451685  0.62959064951701094
  0.63620420970517455  0.64277191925986643  0.64913945478757451  0.65570343869366365
  0.66237161142202694  0.66933040772995156  0.67637536560297962  0.68349738430006357
  0.69077700247024776  0.69822024965345586  0.70585908640095996  0.71374685539433425
  0.72174524863606559  0.72990528972449908  0.73826390197624214  0.74660605467051466
  0.75501298299017694  0.76368198585529945  0.77288343072573440  0.78255035044409327
  0.79235187104640503  0.80252956034101919  0.81405981145315598  0.82678465192169670
  0.84038358417881531  0.85688836490866349  0.88545759331507334  1.00000000000000000
   7.3117955973418940E-005  -1.0000000000000000     
 F F F F F F F F F F F F F F F F F F F F F F F F F F F F F F F F F F F F F F F F F F F F F F F F F F F F F F F F F F F F F F F F F F F F F F F F F F F F F F F F F F F F F F F F F F F F F F F F F F F F F F F F F F F F F F F F F F F F F F F F F F F F F F F F
  <DiscreteSampler_grid>
  grouped_processes
  1 # 1 for a reference and 2 for a running grid.
  10 # Attribute 'min_bin_probing_points' of the grid.
  1 # Attribute 'grid_mode' of the grid. 1=='default',2=='initialization'
  0.0000000000000000 # Attribute 'small_contrib_threshold' of the grid.
  0.5000000000000000 # Attribute 'damping_power' of the grid.
 # binID   n_entries weight   weight_sqr   abs_weight
    13   10   1.687174412400467E+001   8.016117112918365E+002   1.687174412400467E+001
    16   10   2.179869722285196E+001   1.370585017131606E+003   2.179869722285196E+001
    22   10   1.389131836742112E+001   4.283425383901773E+002   1.389131836742112E+001
    25   10   1.778282240399692E+001   7.042609666765545E+002   1.778282240399692E+001
  </DiscreteSampler_grid>
