 -0.00242047162073598  0.01175376091985176  0.02364480589474308  0.03557033271722776
  0.04767150637905429  0.05974417193990483  0.07161787154202799  0.08352023066379480
  0.09567755448809337  0.10785317490211620  0.11993361397402572  0.13180662369593649
  0.14360524895283572  0.15530157851100190  0.16668865567698168  0.17724796525469269
  0.18792627433856574  0.19882828930780788  0.20997793399292980  0.22083198818068744
  0.23063101395524396  0.24038927972555546  0.25022790461363187  0.26101513683950001
  0.27201428725294319  0.28333036428833547  0.29420127213410813  0.30450270655161232
  0.31470687486917670  0.32496348799810676  0.33571744422684241  0.34657938417527301
  0.35768517678276213  0.36841708120354943  0.37865876790799069  0.38878479396234855
  0.39878433045514683  0.40885997474189384  0.41882746588277625  0.42965423368872463
  0.44075829943640876  0.45194884804309049  0.46239788235277390  0.47264769673834578
  0.48254466317726280  0.49302240334293851  0.50328661192561686  0.51328513157313171
  0.52323717911380996  0.53295061285019607  0.54326869106301467  0.55315105581224222
  0.56297364473839950  0.57285106420471876  0.58288853163600762  0.59351784806834462
  0.60393440701472512  0.61333818119068761  0.62261954316835444  0.63201689220754409
  0.64142943408806297  0.65109888810201877  0.66066314800558146  0.67017522632214444
  0.67971387750775070  0.68957227551933464  0.69965166454572514  0.70964084832219498
  0.71935750982729818  0.72940179432863850  0.74083146287035095  0.75234215850038522
  0.76334125748512516  0.77404463845456717  0.78441720284851046  0.79457357088605329
  0.80433978579893761  0.81452777863318371  0.82514432384984826  0.83638471263847181
  0.84777699577669241  0.85933685779020119  0.87091628658598552  0.88199222944440581
  0.89273999777455049  0.90362263247648444  0.91463281751121162  0.92578242767902463
  0.93670299939980783  0.94663985133344053  0.95612838759301333  0.96502386299455345
  0.97372617985171472  0.98227044577360001  0.99109059375107722  1.00000000000000000
  0.00000853228458180  0.00004143859426064  0.00004686158617440  0.00005098961435899
  0.00005524282330489  0.00005946496369148  0.00006404151932496  0.00006961848533420
  0.00007546177001918  0.00008083165711803  0.00008580587826380  0.00009048987658023
  0.00009502450395066  0.00009951455694037  0.00010405380513481  0.00010881542082649
  0.00011387620113402  0.00011905165933167  0.00012424402207473  0.00012960308776661
  0.00013507630636328  0.00014072961697723  0.00014640305510600  0.00015192627170470
  0.00015802468962117  0.00016454730124752  0.00017128537576537  0.00017815406928088
  0.00018516272469671  0.00019264934601129  0.00020073744847784  0.00020895889516431
  0.00021723676265128  0.00022598983003350  0.00023531078431610  0.00024523819284775
  0.00025536834836373  0.00026517150046465  0.00027542472368372  0.00028673864380711
  0.00029865317172424  0.00031080486354343  0.00032329119707263  0.00033678767489517
  0.00035135934367898  0.00036632865500877  0.00038165725953700  0.00039782523627607
  0.00041592352556654  0.00043648689834119  0.00045586953998188  0.00047478023198685
  0.00049483920571422  0.00051678480204836  0.00054041668595871  0.00056521600577234
  0.00059199722190452  0.00062053210446042  0.00065079242674820  0.00068283107147781
  0.00071591215680542  0.00075231718901284  0.00079137812980211  0.00083118480157432
  0.00087118325101782  0.00091224273644808  0.00095550492701645  0.00100109670957258
  0.00105277409888737  0.00111074327403476  0.00117128698441938  0.00123181375370735
  0.00129479283774059  0.00136911236045937  0.00144803127878620  0.00153320671815548
  0.00162620650483093  0.00172434297451132  0.00182689029494116  0.00194093936272324
  0.00207872245282925  0.00223209070926975  0.00241585635495644  0.00262929390910604
  0.00288848525391563  0.00316057360679095  0.00347472898154059  0.00379754871137965
  0.00413855820250562  0.00452424675280434  0.00505161435258466  0.00569931907121529
  0.00647302441668560  0.00846484809089571  0.02485108395898597  1.00000000000000000
  0.00000279083084724  0.00000284060748283  0.00000289825729743  0.00000296860048369
  0.00000304331824247  0.00000312110297396  0.00000321142714791  0.00000331732085515
  0.00000341715278696  0.00000352059048715  0.00000362295789936  0.00000373049798834
  0.00000384305374847  0.00000395799761363  0.00000407395598191  0.00000419512795986
  0.00000430957728781  0.00000445915417360  0.00000460645173961  0.00000475818743848
  0.00000491171579759  0.00000507229755394  0.00000524697786259  0.00000543161797637
  0.00000561841082407  0.00000581484783963  0.00000603374431554  0.00000630006932508
  0.00000656660938933  0.00000685176871399  0.00000715790691048  0.00000747591437991
  0.00000779913750774  0.00000813504346007  0.00000848441264463  0.00000883541800455
  0.00000920144175061  0.00000961421451081  0.00001004305419631  0.00001049214465847
  0.00001097438454428  0.00001148657880972  0.00001202499656725  0.00001259882718796
  0.00001324294646984  0.00001389340976119  0.00001460497003857  0.00001538426250051
  0.00001622348624178  0.00001712341572042  0.00001808308355052  0.00001908908709119
  0.00002017212357021  0.00002140963051466  0.00002265899559459  0.00002408105655964
  0.00002553537218854  0.00002721976454958  0.00002907964362247  0.00003110735900469
  0.00003334592420425  0.00003576489164506  0.00003841226811285  0.00004123872573505
  0.00004422336302864  0.00004750716491183  0.00005130032648718  0.00005549622504555
  0.00005995980150104  0.00006479307086844  0.00007028629082043  0.00007659657705035
  0.00008349233079017  0.00009122508396030  0.00010033453559116  0.00011104625031888
  0.00012387312584700  0.00013860784338506  0.00015513371198743  0.00017350864847500
  0.00019603322342145  0.00022302047488774  0.00025856024904892  0.00030132928178202
  0.00035304927114956  0.00041728858144534  0.00049241618441582  0.00058274615324181
  0.00070348331604607  0.00086802768315359  0.00112205131763137  0.00157247537849236
  0.00226107923361366  0.00381409512728040  0.04997709463643438  1.00000000000000000
 -0.00246967988087566  0.01142513709922992  0.02278851816835457  0.03408007181904028
  0.04483121781767708  0.05536926947251646  0.06583342509055889  0.07642671827855718
  0.08649973043718617  0.09586033966253191  0.10560534096644901  0.11541825469106057
  0.12476736942580598  0.13332531065577760  0.14156427880004041  0.15058485025443044
  0.16053914095385718  0.17054525227996811  0.17996720452481901  0.18980150529128917
  0.20069193536395788  0.21175387690616010  0.22224760514051184  0.23241696101979586
  0.24259472278927027  0.25276687765417089  0.26267638958732692  0.27174249644850001
  0.28111556576137831  0.29079427217387388  0.30181662925250652  0.31270544382861387
  0.32272687232326291  0.33255315851451789  0.34222329311947680  0.35191770360293506
  0.36119097899057573  0.37039538968981933  0.38040873628944855  0.39105419669385910
  0.40209719396594257  0.41350451204285910  0.42509132181142628  0.43658578343477689
  0.44739007921442298  0.45814448003963992  0.46819779459592581  0.47849212212984171
  0.48891469241409230  0.49937912008314550  0.50986477350745885  0.52030305704938806
  0.53261144021886520  0.54495305291302609  0.55687765609434725  0.56840179694475890
  0.57937770397071608  0.58991328417069233  0.60058274177003490  0.61144270348519680
  0.62273064408770373  0.63393047162546656  0.64498634355491202  0.65614983229167023
  0.66689297111517076  0.67737438122780613  0.68747223029610804  0.69750072049298761
  0.70746136450595021  0.71774703817873353  0.72820569568849614  0.73884067219714300
  0.74932030259405091  0.75994601660528560  0.77078179325172547  0.78202263611332912
  0.79333262669555393  0.80427968305342168  0.81519013630179826  0.82615605559757133
  0.83745725927065129  0.84891717026068736  0.86063019670163465  0.87182463260702436
  0.88206466394016758  0.89174614630256599  0.90137678411981526  0.91154571453004885
  0.92248225840914988  0.93352354556187211  0.94449039709729421  0.95516675035316589
  0.96572087031789633  0.97654378812908560  0.98779432492206221  1.00000000000000000
 -0.00246942624597044  0.00984669397534851  0.02054741378763655  0.03113971163966306
  0.04183468558062495  0.05192508203562075  0.06207713123353896  0.07266254082457582
  0.08399323501457771  0.09489112385187737  0.10563656931070592  0.11610310444608812
  0.12659106930369016  0.13647277526473564  0.14604874337643545  0.15511972236274013
  0.16460822366372391  0.17414523145839089  0.18375054996873319  0.19341561434725796
  0.20335475072009734  0.21381985426426853  0.22572273123854289  0.23659220381101115
  0.24701449668379366  0.25734805770332014  0.26747634526846292  0.27712499539655694
  0.28643601411040198  0.29612016893557230  0.30687689786333383  0.31815444321247066
  0.32980987569899667  0.34108692827814951  0.35189463181384673  0.36255173963370341
  0.37266997137429497  0.38329101958308948  0.39412261877290222  0.40575079096457123
  0.41720440230171085  0.42798337738920272  0.43891792802407392  0.44960487267594729
  0.46009143550585241  0.47029184061442919  0.48054973029907794  0.49095139926095299
  0.50150404005614468  0.51167568507106853  0.52198498900380363  0.53264083084426461
  0.54361290744886892  0.55413841237407935  0.56450007717991924  0.57457566326846676
  0.58459780747585155  0.59465537359031384  0.60501049164500886  0.61579035429490780
  0.62673167437334631  0.63794095579971710  0.64888017913343687  0.65983003482418057
  0.67049559872841713  0.68104873113830866  0.69098012970555478  0.70062239862904596
  0.71026363904366208  0.72016900270620610  0.73080788521281081  0.74198348443335083
  0.75335681488477690  0.76464856243281076  0.77582137097244830  0.78669892535499186
  0.79721897933159858  0.80789183252471330  0.81894258277704990  0.83030365998038780
  0.84148362482115935  0.85235471173287569  0.86275749934898172  0.87301226360250173
  0.88326130671085923  0.89421538398623501  0.90540777604897238  0.91683223558111293
  0.92798825122739059  0.93888747948279117  0.94986970981023533  0.96055917352451614
  0.97095330132389890  0.98053564417981254  0.99038082670811967  1.00000000000000000
 -0.00218014708683024  0.01324960057031361  0.02645303780746669  0.03954691497344147
  0.05234559793397166  0.06472778126093841  0.07715508685906354  0.08961139882474185
  0.10208649002017670  0.11463341059651400  0.12770344883997012  0.14117079867683502
  0.15428102026852022  0.16663692414075865  0.17845494510239784  0.19014338906242839
  0.20214042523754513  0.21418319602972657  0.22670589440725342  0.23944791308897276
  0.25297698923887502  0.26690623661642782  0.28092833419875352  0.29460683481459327
  0.30792255599779822  0.32129828543073807  0.33459559367549047  0.34762836732294555
  0.36042865312705524  0.37301736061069574  0.38515086161880985  0.39712810045476621
  0.40931147744764296  0.42197942122415039  0.43492635320799050  0.44776586467059015
  0.46047569103803687  0.47291947949638441  0.48470698670648538  0.49656496499926256
  0.50892003330819224  0.52157491350800600  0.53416554382683190  0.54661070011143575
  0.55854614604461605  0.57014683242233644  0.58144104406282537  0.59301702981242577
  0.60454513649637909  0.61623559294304153  0.62762345541781750  0.63964448366905435
  0.65206661961231493  0.66487368277189662  0.67691831968870553  0.68856519165425745
  0.69960596555432608  0.71088644168353998  0.72222548644613527  0.73376822639325834
  0.74535899234670511  0.75725134496522573  0.76853259925570061  0.77959710730315657
  0.79082058114878151  0.80087660136152961  0.81059352188612599  0.81917515782413486
  0.82755443126663475  0.83527134486484722  0.84300762015055186  0.85047775515321566
  0.85822851020282132  0.86622894514902926  0.87434924450768003  0.88265436166530309
  0.89065545696642345  0.89815678947985067  0.90513892002871688  0.91200046403336765
  0.91863976180975904  0.92467877057436898  0.93042606991260091  0.93585400305510558
  0.94106557306603256  0.94637824046225649  0.95193301742037006  0.95754209673140367
  0.96328122190115018  0.96860101317166225  0.97310752297773551  0.97776581466674817
  0.98268138838321140  0.98804509303598642  0.99392577522037684  1.00000000000000000
 -0.00243442868698193  0.00942553322201195  0.01906651779884527  0.02918375738464862
  0.03936312842632884  0.04887545030967578  0.05846975004751213  0.06876293430234268
  0.07853750782522634  0.08807449799475109  0.09814187088676785  0.10921264379126464
  0.12088034752305162  0.13190196442234367  0.14230583781858097  0.15246841804175218
  0.16271127424031834  0.17346277946662711  0.18401928595785264  0.19454824097777318
  0.20488264176842225  0.21556648893919012  0.22640372247343371  0.23714737785899592
  0.24729973893508092  0.25716096117691650  0.26716282629272126  0.27722278260568700
  0.28733573731695061  0.29736422416750991  0.30769889588027460  0.31735721638383274
  0.32687405978205741  0.33680341066707192  0.34756396186766675  0.35804839764898161
  0.36848927088176125  0.37931328609835835  0.39051411634157845  0.40154950616247836
  0.41264527090517628  0.42416459329980816  0.43591497393383311  0.44672633851914539
  0.45676080642037353  0.46692320343203708  0.47710743964360547  0.48757734166656619
  0.49818437823659023  0.50945720793920124  0.52050097068301726  0.53082033702568332
  0.53991085886228751  0.54929273214975949  0.55901066709229252  0.56915905000127964
  0.58010495045711818  0.59073159209733406  0.60089920617146075  0.61084760878021560
  0.62081352412801294  0.63090011645405852  0.64117136245484774  0.65169133729986539
  0.66264316643914045  0.67376921641922927  0.68485330700782276  0.69570591808894078
  0.70698048337723574  0.71861956032183938  0.73058083181508171  0.74183970520465259
  0.75307508199704221  0.76418029382136754  0.77545844530147667  0.78687271749263354
  0.79873904582617750  0.81042969572110224  0.82190808768749746  0.83295041894353417
  0.84382534935532949  0.85414402057998529  0.86436033568021020  0.87442875290417310
  0.88454149966507500  0.89443003541841126  0.90455858979222425  0.91497033247705228
  0.92571761523468354  0.93672394165123574  0.94745463826828480  0.95804375650352169
  0.96866265684415898  0.97927670598728578  0.98974055766289160  1.00000000000000000
 -0.00276498580014866  0.01030045571046176  0.02137463234409104  0.03164648393887728
  0.04239601590717942  0.05335367214553606  0.06399739881566398  0.07449322977092865
  0.08524891952127607  0.09640330720814153  0.10742106363185620  0.11810931102376754
  0.12921844169202187  0.14092121951151365  0.15248240024094237  0.16344594879850299
  0.17395537245999981  0.18436236298575565  0.19471515644659512  0.20510161843261662
  0.21554581757290139  0.22627742168941808  0.23679977087961940  0.24738248435132754
  0.25812722742112515  0.26909679937671305  0.27973338371783257  0.29009491852114039
  0.30061338221017514  0.31157979080533776  0.32275980822086825  0.33393355799969909
  0.34618867019467459  0.35871757849130242  0.37070334287786111  0.38141627165743003
  0.39156288422884050  0.40148113010783265  0.41091758413736712  0.42071991985526092
  0.43055662476466988  0.44070865351973287  0.45110028681769010  0.46118983031995875
  0.47069861414022801  0.48001383701766703  0.48884748191720306  0.49803350471218677
  0.50817344110476648  0.51876816357680744  0.52971924050655739  0.54058430972319749
  0.55131099587654264  0.56238524576366911  0.57339093090588988  0.58418428368208419
  0.59468363609854547  0.60493931827876746  0.61535972754779389  0.62603832970653428
  0.63702882668220273  0.64778500650663151  0.65863308700310708  0.66928646005680470
  0.67990286977402015  0.68995704231150379  0.70005766697929195  0.71063189181129338
  0.72199979395936442  0.73284473781235582  0.74293112425278907  0.75282001305601520
  0.76302253448375101  0.77318471120573551  0.78300569659869856  0.79298148684573078
  0.80393175685066143  0.81449736492331470  0.82477240006300268  0.83502923200005519
  0.84597940936681459  0.85714323941856030  0.86743973160041477  0.87797883508933316
  0.88787889218161986  0.89834944954462159  0.90855572397949580  0.91856567725133043
  0.92831479672823680  0.93813867833149389  0.94835963198375006  0.95893206525783825
  0.96899379069410874  0.97883886956811872  0.98894092364370567  1.00000000000000000
 -0.10508749082650426  0.72131098341074762  0.72869298730117915  0.73409089200114608
  0.73943875985317375  0.74474819228015965  0.74997628679633210  0.75503597156939017
  0.75995849778633473  0.76514153695928622  0.77004540207698502  0.77473399815867905
  0.77950409409115862  0.78456895216664480  0.78939609705062252  0.79386416203369203
  0.79808420185007523  0.80228978212924740  0.80634815562502560  0.81031750253348434
  0.81424822766106963  0.81827270785245021  0.82231025342365660  0.82624641273207744
  0.83007098829170456  0.83378956801989668  0.83749223780352222  0.84124514024964780
  0.84493236052348164  0.84855661474282407  0.85210767897782580  0.85552500787965546
  0.85879692937338248  0.86204265905608168  0.86532461770313951  0.86852154285549288
  0.87154533596073080  0.87443540235605322  0.87713106346822567  0.87972106196477085
  0.88238395365576661  0.88510262157967934  0.88787453014985496  0.89056784456766092
  0.89312028734440974  0.89566732872732768  0.89817604946889307  0.90067970873643033
  0.90320734119287072  0.90569938433189567  0.90816568440395751  0.91056560181537027
  0.91291096122844806  0.91522252959355765  0.91753849830597445  0.91986749963267533
  0.92221110585664479  0.92457451387249712  0.92690151459591186  0.92918624152321116
  0.93140518187243060  0.93358149636795362  0.93575615768206311  0.93792154600972011
  0.94001818815692506  0.94215610473488687  0.94423825993028010  0.94635498715623811
  0.94844636684695494  0.95049641984347322  0.95247972028387828  0.95447087338770920
  0.95642450545635671  0.95836008380340498  0.96021508821115420  0.96202056748693876
  0.96379977646881454  0.96559682098974975  0.96743544992523889  0.96927015892333412
  0.97111487490823123  0.97295498643844225  0.97477342180466198  0.97656967789087479
  0.97837827184808346  0.98015916560205607  0.98194095529523806  0.98375258468174009
  0.98557487819479506  0.98740493539952046  0.98927273716266551  0.99117890671767039
  0.99311495912215331  0.99515657371068800  0.99749604843943052  1.00000000000000000
 -0.01743457192305822  0.13109452558158349  0.14489104528454927  0.15617240278875061
  0.16584295673194577  0.17492272772815329  0.18382064750879379  0.19285449372893801
  0.20200497038659571  0.21053349377689975  0.21884402287923455  0.22696254333752619
  0.23477583655950610  0.24256149779267180  0.24999930094292097  0.25741360039546651
  0.26438219932406520  0.27119182200724939  0.27783339158338344  0.28434829168092879
  0.29089669469374335  0.29747955392477560  0.30398667931219769  0.31065943344816344
  0.31724148926163481  0.32386139515294138  0.33031523625027126  0.33654434583919102
  0.34273351534040836  0.34873319913206491  0.35463323690346071  0.36049071839936259
  0.36617556684445773  0.37200337649185861  0.37781805812169167  0.38346104455690061
  0.38901169630289728  0.39440884048543096  0.39988019852052864  0.40550995310348781
  0.41115274622370701  0.41676977277913646  0.42246752400842913  0.42819413714226212
  0.43410946373733139  0.44016899858749370  0.44635023745993002  0.45259724066764873
  0.45883947397021224  0.46509496708815540  0.47143691816471905  0.47785092115199690
  0.48425451316295537  0.49059853210277093  0.49665540432007849  0.50269618104351321
  0.50868036875007616  0.51489957678581699  0.52130788865365107  0.52730947043697673
  0.53334051470808119  0.53938428435431252  0.54541882658420182  0.55135442168597537
  0.55741912848242225  0.56362320156767887  0.56993421275501521  0.57626144039661187
  0.58257100239659765  0.58902362296699717  0.59557370945512922  0.60222197513362330
  0.60923824357757939  0.61639244868300380  0.62360503708055903  0.63119834553724152
  0.63900971239397653  0.64720470071025960  0.65573443123746167  0.66466810427614043
  0.67388197375400760  0.68363571740114804  0.69401357276796627  0.70519767350225382
  0.71723948461962117  0.73014488444305781  0.74329499702409241  0.75602262104273465
  0.76820616010249432  0.78025436811495441  0.79281368423553922  0.80710688039607559
  0.82576543069390029  0.84817371097740046  0.87941715425004141  1.00000000000000000
   1.1825860417971627E-003  -1.0000000000000000     
 F F F F F F F F F F F F F F F F F F F F F F F F F F F F F F F F F F F F F F F F F F F F F F F F F F F F F F F F F F F F F F F F F F F F F F F F F F F F F F F F F F F F F F F F F F F F F F F F F F F F F F F F F F F F F F F F F F F F F F F F F F F F F F F F F F F F F F F F F F F F F F F F F F F F F F F F F F F F F F F F F F F F F F F F F F F F F F F F F F F F F F F F F F F F F F F F F F F F F F F F F F F F F F F F F F F F F F F F F F F F F F F F F F F F F F F F F F F F F F F F F F F F F F F F F F F F F F F F
  <DiscreteSampler_grid>
  grouped_processes
  1 # 1 for a reference and 2 for a running grid.
  10 # Attribute 'min_bin_probing_points' of the grid.
  1 # Attribute 'grid_mode' of the grid. 1=='default',2=='initialization'
  0.0000000000000000 # Attribute 'small_contrib_threshold' of the grid.
  0.5000000000000000 # Attribute 'damping_power' of the grid.
 # binID   n_entries weight   weight_sqr   abs_weight
    19   10   5.149202201890951E+003   1.433507648807286E+008   5.149202201890951E+003
    20   10   5.149202201890963E+003   1.433507648807296E+008   5.149202201890963E+003
    22   10   7.088061638202116E+003   2.861343331252871E+008   7.088061638202116E+003
    23   10   7.088061638202138E+003   2.861343331252894E+008   7.088061638202138E+003
    25   10   4.923691579889683E+003   1.249820396295408E+008   4.923691579889683E+003
    26   10   4.923691579889696E+003   1.249820396295417E+008   4.923691579889696E+003
    28   10   5.853706211902901E+003   1.671901975494459E+008   5.853706211902901E+003
    29   10   5.853706211902908E+003   1.671901975494466E+008   5.853706211902908E+003
  </DiscreteSampler_grid>
